GP,F,A,GD,P
38,39,33,6,52
38,45,81,-36,24
38,51,27,24,70
34,48,57,-9,36
34,42,47,-5,44
38,37,79,-42,36
38,70,47,23,72
34,65,44,21,57
34,53,39,14,52
38,57,50,7,65
32,31,39,-8,37
38,54,29,25,69
28,30,41,-11,26
34,48,47,1,44
38,38,67,-29,35
38,44,51,-7,49
34,56,67,-11,34
38,61,37,24,68
38,35,66,-31,39
36,49,41,8,57
34,25,50,-25,35
34,46,51,-5,44
38,34,36,-2,41
38,46,50,-4,51
38,41,51,-10,43
38,40,39,1,45
38,51,57,-6,48
38,58,43,15,75
38,60,44,16,59
30,22,42,-20,22
34,51,50,1,44
34,39,41,-2,48
38,62,49,13,55
34,44,33,11,66
38,65,43,22,71
42,47,47,0,61
34,49,54,-5,42
38,31,43,-12,37
36,69,42,27,67
38,63,38,25,70
38,42,61,-19,46
34,53,31,22,65
38,41,55,-14,47
38,66,61,5,46
30,60,13,47,72
38,42,55,-13,42
38,58,46,12,58
34,71,37,34,67
34,42,67,-25,31
38,36,40,-4,44
38,39,61,-22,44
42,36,77,-41,24
34,40,59,-19,38
38,43,59,-16,40
38,71,24,47,87
36,32,61,-29,34
38,44,62,-18,40
38,71,27,44,82
38,35,57,-22,38
38,38,49,-11,41
38,44,50,-6,45
38,58,45,13,62
38,39,19,20,75
34,60,59,1,42
38,47,42,5,58
42,50,44,6,64
38,49,40,9,61
30,45,21,24,52
42,47,46,1,53
38,59,24,35,76
38,48,49,-1,50
38,38,55,-17,45
38,77,44,33,75
38,26,75,-49,21
38,36,43,-7,47
38,46,58,-12,45
30,25,56,-31,19
42,49,28,21,71
34,56,39,17,51
42,46,59,-13,50
38,53,38,15,69
40,64,52,12,60
42,55,83,-28,36
38,51,33,18,64
38,43,57,-14,45
34,39,38,1,50
34,42,50,-8,42
38,46,60,-14,45
38,43,44,-1,51
38,45,46,-1,49
38,41,48,-7,44
38,47,58,-11,46
38,45,53,-8,46
34,55,40,15,60
38,41,47,-6,44
38,62,43,19,68
37,38,47,-9,41
42,47,50,-3,49
34,42,51,-9,43
38,39,34,5,53
38,42,29,13,71
30,25,39,-14,29
38,27,22,5,50
36,38,53,-15,38
36,42,70,-28,29
38,36,39,-3,54
38,41,56,-15,46
38,34,55,-21,36
34,58,46,12,55
38,39,56,-17,42
38,44,53,-9,45
38,28,68,-40,27
38,34,41,-7,47
34,61,37,24,57
34,43,46,-3,40
34,30,52,-22,30
30,62,23,39,71
38,54,32,22,68
38,37,80,-43,34
42,66,63,3,61
38,56,57,-1,49
38,41,42,-1,50
30,41,49,-8,34
38,40,63,-23,39
42,71,28,43,82
38,43,61,-18,37
38,46,53,-7,49
34,57,58,-1,44
36,36,67,-31,35
38,24,51,-27,35
38,57,37,20,70
34,37,46,-9,41
38,36,31,5,58
28,28,33,-5,39
38,52,49,3,53
38,73,58,15,60
38,40,59,-19,42
42,60,58,2,52
38,42,46,-4,52
38,41,60,-19,38
34,50,56,-6,43
36,45,64,-19,38
42,40,45,-5,53
38,37,48,-11,44
34,39,34,5,49
38,40,52,-12,39
34,42,46,-4,44
42,52,41,11,65
40,72,41,31,82
30,29,35,-6,35
38,49,52,-3,46
34,64,41,23,66
42,33,52,-19,41
38,52,73,-21,38
42,57,42,15,68
38,42,58,-16,46
34,43,45,-2,45
38,75,37,38,73
42,59,40,19,69
38,37,53,-16,38
34,33,49,-16,35
34,37,45,-8,37
34,32,58,-26,31
38,52,50,2,40
38,72,37,35,73
38,25,51,-26,32
38,65,40,25,69
38,47,45,2,55
34,42,47,-5,39
38,34,66,-32,32
38,42,64,-22,41
38,52,56,-4,45
30,36,26,10,49
34,30,42,-12,35
38,30,51,-21,36
38,39,77,-38,25
38,45,75,-30,31
36,42,71,-29,33
38,66,36,30,66
38,37,54,-17,42
38,34,43,-9,46
30,25,42,-17,23
42,57,57,0,51
38,41,55,-14,50
36,53,31,22,63
34,33,45,-12,36
38,52,47,5,56
38,38,48,-10,44
34,74,29,45,75
38,31,78,-47,21
28,41,38,3,41
42,59,59,0,64
34,64,23,41,79
38,52,61,-9,46
34,46,42,4,50
34,39,49,-10,36
38,67,29,38,78
42,45,46,-1,52
38,33,39,-6,46
42,51,31,20,74
38,75,49,26,64
34,46,47,-1,38
38,37,62,-25,40
38,45,47,-2,49
38,51,39,12,57
34,58,61,-3,46
34,65,40,25,64
42,46,30,16,72
38,59,44,15,67
38,43,59,-16,37
38,26,54,-28,41
34,74,33,41,74
34,27,54,-27,35
30,28,34,-6,35
38,49,57,-8,48
34,54,49,5,48
38,30,53,-23,42
38,37,62,-25,38
42,51,42,9,65
38,38,51,-13,38
38,59,55,4,58
42,54,66,-12,49
38,49,44,5,51
34,48,41,7,63
34,55,54,1,49
42,43,47,-4,53
38,44,50,-6,43
36,45,51,-6,43
38,73,44,29,74
36,59,32,27,69
38,31,59,-28,30
38,75,41,34,79
34,50,46,4,55
28,34,25,9,51
38,41,48,-7,46
34,46,54,-8,38
38,45,48,-3,48
38,34,49,-15,41
30,45,20,25,66
38,53,60,-7,48
37,32,52,-20,27
34,53,46,7,50
38,50,69,-19,37
30,41,45,-4,42
38,38,64,-26,36
42,40,41,-1,53
38,45,45,0,51
36,33,56,-23,35
38,53,43,10,56
38,51,43,8,56
42,50,56,-6,50
34,61,64,-3,45
34,44,70,-26,27
38,71,45,26,76
38,40,52,-12,42
38,60,32,28,63
34,38,66,-28,26
34,67,28,39,72
30,42,26,16,48
38,33,36,-3,42
34,52,60,-8,38
38,46,39,7,55
38,48,58,-10,46
34,32,57,-25,30
34,43,42,1,49
36,39,47,-8,38
34,36,40,-4,45
30,42,43,-1,41
34,32,70,-38,28
38,66,34,32,78
38,34,53,-19,34
42,63,45,18,71
42,33,66,-33,34
38,32,43,-11,42
42,50,58,-8,52
38,48,71,-23,38
36,34,42,-8,46
38,37,41,-4,45
42,54,64,-10,52
34,32,48,-16,41
34,39,75,-36,30
34,39,44,-5,52
38,45,41,4,48
42,56,52,4,63
34,30,43,-13,40
42,37,58,-21,40
34,41,55,-14,37
38,56,46,10,49
38,45,66,-21,39
38,50,53,-3,44
34,43,32,11,52
38,40,47,-7,46
36,59,70,-11,40
42,57,55,2,63
34,31,56,-25,32
34,43,60,-17,39
34,39,25,14,59
38,29,46,-17,44
42,70,29,41,83
42,66,68,-2,58
38,66,41,25,69
38,48,38,10,56
38,36,33,3,51
34,35,58,-23,29
38,38,65,-27,39
33,32,42,-10,36
42,48,48,0,55
38,50,52,-2,52
38,51,60,-9,52
34,49,63,-14,43
42,55,65,-10,51
38,55,54,1,57
38,65,49,16,63
42,48,63,-15,56
34,33,53,-20,33
34,45,37,8,51
34,35,50,-15,38
36,42,60,-18,40
38,39,43,-4,44
34,31,48,-17,35
34,44,53,-9,44
38,32,61,-29,29
38,45,37,8,64
34,49,47,2,45
34,44,44,0,46
38,46,80,-34,43
38,36,57,-21,30
42,46,54,-8,56
38,44,55,-11,46
34,39,51,-12,35
34,72,37,35,73
42,44,48,-4,51
38,44,52,-8,48
38,53,38,15,59
38,54,51,3,52
38,53,69,-16,45
42,37,40,-3,52
38,44,54,-10,44
38,51,39,12,64
38,70,27,43,78
42,48,53,-5,53
38,62,40,22,65
34,43,66,-23,29
38,31,51,-20,35
34,40,57,-17,36
38,45,43,2,50
34,50,36,14,50
38,49,45,4,52
36,46,33,13,58
28,40,33,7,39
38,63,40,23,77
38,36,47,-11,41
38,39,35,4,57
34,34,36,-2,45
38,37,69,-32,26
38,31,50,-19,43
38,46,50,-4,47
38,45,55,-10,44
38,34,45,-11,51
38,36,73,-37,25
34,37,50,-13,38
42,48,48,0,63
42,49,63,-14,51
38,40,59,-19,34
38,31,42,-11,44
34,51,64,-13,36
38,67,58,9,64
38,52,58,-6,47
38,45,52,-7,51
38,50,58,-8,53
38,33,52,-19,44
38,44,49,-5,49
42,49,45,4,59
34,33,58,-25,33
34,37,39,-2,42
38,40,40,0,45
38,53,58,-5,45
34,33,73,-40,28
34,34,32,2,50
38,48,68,-20,42
42,47,54,-7,49
30,47,37,10,45
34,66,40,26,65
38,35,46,-11,46
42,63,55,8,64
34,47,26,21,54
38,34,34,0,57
38,56,50,6,52
42,56,53,3,58
38,20,63,-43,23
40,46,65,-19,38
30,33,45,-12,28
34,47,42,5,51
38,52,56,-4,48
38,60,51,9,63
38,36,59,-23,39
38,40,56,-16,42
38,32,81,-49,17
42,56,42,14,65
30,35,42,-7,41
35,61,37,24,60
38,47,51,-4,48
34,35,51,-16,36
38,51,38,13,62
34,54,61,-7,45
28,24,20,4,42
42,42,64,-22,43
38,47,52,-5,57
34,33,49,-16,35
38,35,42,-7,44
38,70,40,30,70
38,52,53,-1,45
42,64,49,15,73
38,58,45,13,58
38,56,33,23,62
38,46,45,1,58
38,48,44,4,62
34,51,42,9,49
38,34,75,-41,30
34,53,52,1,45
30,11,42,-31,17
38,42,66,-24,34
38,34,58,-24,41
34,53,53,0,52
38,54,51,3,52
42,61,48,13,66
38,45,46,-1,49
38,60,54,6,56
38,46,69,-23,39
42,38,69,-31,35
38,58,57,1,56
34,45,44,1,50
38,52,61,-9,43
42,45,57,-12,42
38,31,47,-16,43
36,39,49,-10,40
34,34,42,-8,40
38,35,49,-14,47
38,46,47,-1,52
42,44,63,-19,43
38,54,54,0,42
34,36,45,-9,43
42,47,40,7,60
38,45,45,0,51
34,56,44,12,51
38,47,48,-1,46
38,40,34,6,55
28,33,34,-1,34
30,63,18,45,67
28,35,27,8,49
38,48,62,-14,39
38,83,41,42,75
38,69,36,33,81
42,57,52,5,58
34,54,56,-2,49
34,40,56,-16,38
34,64,56,8,49
38,62,53,9,58
34,38,52,-14,42
38,51,48,3,49
42,58,63,-5,52
38,74,34,40,75
36,41,60,-19,37
38,33,48,-15,46
34,40,37,3,56
34,46,50,-4,43
38,46,49,-3,48
38,50,57,-7,44
38,53,50,3,52
38,50,39,11,59
38,47,61,-14,45
38,43,47,-4,49
36,43,53,-10,42
38,36,50,-14,42
34,37,71,-34,33
38,38,41,-3,50
34,61,39,22,60
38,62,47,15,59
30,29,57,-28,25
34,55,39,16,54
34,38,50,-12,38
38,39,51,-12,42
38,43,42,1,56
38,26,54,-28,29
42,48,38,10,67
42,44,45,-1,60
37,45,49,-4,45
38,63,31,32,80
38,52,47,5,55
38,45,43,2,52
38,59,41,18,63
38,34,59,-25,39
38,85,62,23,60
38,54,31,23,71
38,54,53,1,58
34,37,39,-2,43
34,31,58,-27,29
34,58,50,8,55
38,44,51,-7,45
38,71,32,39,80
34,40,45,-5,44
34,36,48,-12,33
38,36,41,-5,47
34,47,42,5,52
38,50,40,10,56
38,39,40,-1,50
38,42,81,-39,24
38,44,49,-5,46
38,46,68,-22,49
34,50,56,-6,45
38,27,56,-29,24
38,59,50,9,60
30,22,38,-16,33
34,31,45,-14,38
40,38,77,-39,28
38,50,48,2,58
38,51,35,16,61
34,45,58,-13,37
38,73,45,28,67
38,42,48,-6,37
38,37,41,-4,44
38,56,34,22,69
38,44,48,-4,50
34,41,52,-11,41
34,48,47,1,51
34,34,41,-7,35
38,42,44,-2,51
34,50,43,7,46
42,65,34,31,76
42,57,55,2,69
34,27,47,-20,35
34,31,40,-9,41
42,39,45,-6,49
38,47,43,4,51
38,39,54,-15,41
34,54,33,21,57
30,31,44,-13,34
38,43,72,-29,36
42,53,55,-2,55
34,58,48,10,57
38,54,34,20,66
30,27,57,-30,22
38,39,59,-20,38
34,60,38,22,59
38,51,50,1,54
38,39,62,-23,40
30,32,34,-2,35
38,50,53,-3,52
42,54,67,-13,48
30,29,38,-9,40
38,46,68,-22,41
34,39,52,-13,38
38,33,57,-24,33
38,51,70,-19,38
38,48,53,-5,44
38,47,60,-13,41
34,71,42,29,67
34,35,48,-13,43
38,67,27,40,86
38,41,68,-27,33
34,38,54,-16,31
38,33,44,-11,40
38,29,48,-19,38
38,48,45,3,52
38,43,42,1,51
38,37,67,-30,30
34,26,44,-18,39
38,45,53,-8,49
38,41,73,-32,30
38,42,43,-1,50
34,35,60,-25,34
34,53,38,15,50
38,42,37,5,58
34,50,39,11,56
34,29,48,-19,27
38,36,54,-18,37
38,35,40,-5,50
38,60,51,9,53
30,32,48,-16,30
38,67,46,21,55
42,49,60,-11,48
38,37,54,-17,41
44,65,40,25,72
38,64,35,29,74
38,37,43,-6,45
38,50,43,7,59
34,47,53,-6,42
38,26,55,-29,33
34,28,65,-37,17
38,43,65,-22,41
36,40,40,0,41
42,48,42,6,56
38,49,73,-24,44
34,47,44,3,56
34,61,28,33,74
38,40,39,1,51
38,29,69,-40,25
34,80,38,42,71
42,48,62,-14,45
38,35,58,-23,35
38,41,40,1,53
42,64,40,24,74
38,49,44,5,62
42,47,52,-5,51
38,36,59,-23,32
38,33,36,-3,52
38,68,43,25,63
42,42,51,-9,52
34,47,55,-8,47
42,52,44,8,57
38,34,54,-20,36
38,47,64,-17,45
34,45,65,-20,34
35,61,38,23,62
38,42,48,-6,50
38,42,34,8,61
34,29,50,-21,32
36,36,52,-16,42
34,69,41,28,70
38,45,66,-21,32
34,59,40,19,62
42,52,44,8,61
42,52,43,9,71
38,56,51,5,54
34,63,39,24,60
30,42,26,16,54
42,47,56,-9,52
34,27,34,-7,37
38,34,69,-35,27
42,28,53,-25,44
38,44,41,3,60
42,49,52,-3,47
38,56,65,-9,46
38,39,55,-16,40
42,49,50,-1,55
38,41,46,-5,49
34,63,43,20,64
38,48,65,-17,42
38,47,58,-11,48
42,44,34,10,64
34,72,40,32,63
38,41,63,-22,37
38,36,22,14,65
30,31,35,-4,36
34,33,48,-15,33
42,54,63,-9,51
38,53,42,11,59
34,36,54,-18,36
38,34,47,-13,41
42,36,46,-10,52
34,41,60,-19,34
42,52,50,2,58
38,40,58,-18,41
38,67,34,33,84
38,57,58,-1,53
38,24,61,-37,20
34,36,37,-1,54
42,46,51,-5,47
38,35,60,-25,35
38,38,50,-12,43
34,52,53,-1,38
38,54,54,0,56
38,38,60,-22,39
42,55,56,-1,53
42,58,62,-4,52
34,47,58,-11,38
42,39,69,-30,30
38,47,70,-23,35
38,44,54,-10,47
42,42,55,-13,51
38,36,65,-29,30
42,44,54,-10,50
38,48,50,-2,47
34,48,42,6,55
42,50,52,-2,50
36,35,67,-32,37
38,44,56,-12,44
38,39,56,-17,41
38,37,42,-5,45
38,62,36,26,73
34,40,38,2,44
34,35,37,-2,47
38,63,49,14,60
42,49,44,5,54
38,41,51,-10,45
38,38,64,-26,31
34,40,62,-22,31
38,45,56,-11,47
38,30,67,-37,26
30,41,38,3,50
42,46,45,1,53
34,52,41,11,55
38,41,44,-3,44
38,65,46,19,64
34,34,47,-13,31
34,49,30,19,62
34,38,54,-16,40
38,32,74,-42,30
38,48,48,0,55
34,40,44,-4,43
38,46,56,-10,46
38,44,49,-5,46
42,57,50,7,60
34,43,34,9,52
42,32,43,-11,50
42,43,53,-10,50
38,50,38,12,67
38,65,65,0,53
38,39,47,-8,44
34,54,63,-9,46
38,40,71,-31,35
34,42,49,-7,46
42,46,56,-10,48
38,56,57,-1,46
38,46,61,-15,41
42,55,67,-12,49
38,51,62,-11,43
38,46,51,-5,52
38,29,64,-35,35
38,58,40,18,64
42,37,43,-6,50
34,37,70,-33,26
38,51,53,-2,52
38,45,49,-4,49
38,69,42,27,76
34,34,39,-5,53
42,46,56,-10,51
38,41,57,-16,44
38,70,43,27,76
34,60,52,8,59
38,63,57,6,54
38,27,60,-33,28
38,43,61,-18,36
38,37,61,-24,34
34,47,39,8,53
38,83,41,42,80
38,50,40,10,53
38,61,48,13,69
34,71,40,31,61
34,50,62,-12,40
38,45,68,-23,40
34,48,41,7,49
38,43,71,-28,40
38,48,42,6,53
34,43,67,-24,33
42,48,47,1,48
38,48,74,-26,36
38,58,22,36,79
38,45,45,0,51
38,44,65,-21,45
38,50,46,4,47
34,57,55,2,45
34,65,26,39,75
34,55,45,10,54
42,38,41,-3,50
38,52,53,-1,55
38,68,42,26,69
34,67,50,17,55
42,49,49,0,58
42,40,39,1,53
30,28,59,-31,24
42,46,43,3,61
34,51,44,7,59
38,50,46,4,48
34,52,36,16,52
30,41,31,10,48
34,79,37,42,70
38,41,67,-26,38
34,39,43,-4,45
42,38,70,-32,28
42,52,58,-6,51
34,40,56,-16,23
38,30,62,-32,31
34,26,60,-34,25
38,40,34,6,50
34,26,58,-32,22
34,54,32,22,67
42,62,43,19,64
38,38,46,-8,47
38,51,62,-11,47
30,28,36,-8,32
38,37,44,-7,49
28,27,35,-8,34
38,61,33,28,77
40,59,59,0,51
38,35,44,-9,47
38,57,49,8,57
42,36,36,0,52
42,45,50,-5,51
38,42,49,-7,45
38,77,46,31,69
36,32,60,-28,36
42,59,50,9,60
42,60,50,10,60
38,43,59,-16,49
34,36,57,-21,31
42,36,47,-11,51
38,52,54,-2,52
30,27,44,-17,29
34,60,32,28,64
42,47,55,-8,49
38,35,63,-28,35
38,33,40,-7,49
38,41,57,-16,41
38,30,35,-5,56
28,34,37,-3,34
30,23,37,-14,28
36,53,46,7,51
42,59,35,24,87
38,51,40,11,59
38,64,34,30,80
42,46,56,-10,50
38,48,44,4,52
34,31,67,-36,14
42,57,65,-8,51
38,40,48,-8,42
30,29,41,-12,31
34,26,68,-42,19
34,72,36,36,69
30,39,16,23,63
34,43,48,-5,38
34,50,54,-4,37
38,49,45,4,57
34,62,37,25,61
34,43,45,-2,43
34,60,49,11,54
38,48,44,4,46
38,42,52,-10,41
38,49,39,10,61
42,23,36,-13,35
38,67,35,32,77
34,44,60,-16,35
34,44,41,3,50
38,76,61,15,68
28,28,37,-9,36
30,30,50,-20,27
34,36,43,-7,36
34,35,49,-14,40
38,79,44,35,85
34,53,20,33,68
42,69,55,14,67
34,53,34,19,61
38,36,52,-16,45
38,65,38,27,75
34,56,41,15,52
38,73,29,44,84
38,39,58,-19,39
42,40,58,-18,44
38,61,58,3,47
34,49,50,-1,44
42,53,37,16,69
38,24,71,-47,19
38,57,25,32,82
38,34,58,-24,34
38,39,43,-4,46
34,37,55,-18,43
38,34,48,-14,43
42,48,50,-2,56
38,44,48,-4,47
36,75,63,12,51
34,66,48,18,55
38,51,69,-18,37
38,39,30,9,63
34,64,54,10,49
42,44,47,-3,50
38,35,41,-6,52
33,23,36,-13,35
34,48,54,-6,41
34,61,47,14,54
34,29,61,-32,30
42,46,49,-3,54
38,33,43,-10,41
38,49,61,-12,43
38,28,53,-25,33
34,50,62,-12,34
38,32,49,-17,42
34,43,50,-7,36
34,29,69,-40,22
34,44,45,-1,41
34,32,46,-14,42
38,60,52,8,61
34,36,52,-16,35
42,66,39,27,78
38,44,71,-27,34
38,65,47,18,69
38,28,63,-35,27
34,48,35,13,59
38,43,47,-4,42
38,31,42,-11,41
38,47,65,-18,46
34,53,56,-3,43
42,55,30,25,75
36,57,38,19,43
42,74,56,18,71
38,50,46,4,56
34,57,27,30,69
34,34,64,-30,31
34,51,56,-5,42
34,69,59,10,48
38,55,36,19,62
38,59,47,12,61
34,64,49,15,52
34,72,37,35,58
42,53,37,16,69
34,33,42,-9,43
38,41,54,-13,43
34,70,35,35,68
34,36,44,-8,43
38,59,53,6,50
38,51,53,-2,52
38,40,46,-6,42
38,33,41,-8,39
38,24,56,-32,21
38,66,48,18,64
30,29,49,-20,25
34,45,45,0,49
30,22,33,-11,31
38,36,56,-20,36
38,49,58,-9,44
38,36,59,-23,35
38,44,47,-3,47
34,57,48,9,49
34,27,66,-39,14
38,69,23,46,83
34,81,42,39,66
38,45,52,-7,47
40,35,52,-17,41
30,28,42,-14,30
42,42,52,-10,44
34,39,47,-8,44
34,65,43,22,63
38,34,51,-17,40
34,60,35,25,77
38,47,51,-4,41
38,34,55,-21,35
38,38,58,-20,38
38,52,39,13,64
36,43,84,-41,39
38,32,59,-27,33
38,44,51,-7,47
34,56,59,-3,48
40,49,53,-4,45
38,58,55,3,58
38,74,36,38,79
38,64,38,26,72
42,39,40,-1,54
38,57,46,11,64
42,37,28,9,65
34,48,41,7,48
38,34,57,-23,33
30,57,33,24,56
42,53,44,9,67
38,42,53,-11,46
38,49,50,-1,56
42,51,39,12,60
38,48,35,13,59
38,48,47,1,58
42,76,71,5,57
42,51,43,8,67
40,47,57,-10,46
42,49,55,-6,50
38,51,41,10,63
38,31,39,-8,48
38,55,39,16,66
38,54,42,12,58
34,36,53,-17,32
30,54,15,39,68
38,75,39,36,75
38,53,49,4,54
34,56,73,-17,37
38,34,41,-7,48
42,57,42,15,74
38,34,54,-20,36
38,47,79,-32,43
42,54,40,14,65
34,68,41,27,65
38,53,36,17,71
38,47,46,1,55
38,56,45,11,59
38,30,44,-14,42
42,44,54,-10,52
34,54,42,12,57
38,40,68,-28,40
42,45,66,-21,33
34,48,45,3,52
36,41,75,-34,36
42,44,37,7,56
34,67,30,37,73
38,46,49,-3,56
36,66,45,21,66
42,49,51,-2,51
34,50,75,-25,33
34,37,40,-3,48
28,28,30,-2,34
34,45,63,-18,36
34,65,28,37,76
38,50,66,-16,47
38,36,38,-2,56
38,38,43,-5,46
38,31,54,-23,31
38,38,38,0,54
30,66,27,39,69
34,40,54,-14,35
34,39,44,-5,44
38,69,36,33,71
38,47,60,-13,42
38,47,50,-3,53
38,70,58,12,65
38,57,39,18,60
38,42,73,-31,37
38,44,48,-4,52
42,61,38,23,71
28,41,29,12,56
42,43,46,-3,59
30,30,32,-2,39
38,54,55,-1,50
36,47,42,5,56
38,38,47,-9,50
38,43,46,-3,47
38,37,52,-15,39
34,25,41,-16,34
38,51,49,2,52
36,41,57,-16,38
38,54,33,21,60
30,32,36,-4,33
38,71,31,40,74
38,35,42,-7,44
38,39,42,-3,46
38,76,49,27,75
38,29,52,-23,35
42,35,59,-24,32
35,36,47,-11,37
38,54,42,12,68
38,50,44,6,53
38,45,42,3,53
38,36,44,-8,44
34,40,59,-19,40
38,43,73,-30,28
38,68,34,34,82
38,77,39,38,78
34,39,56,-17,39
38,61,46,15,62
34,49,22,27,67
34,63,28,35,73
38,62,32,30,80
38,41,64,-23,38
38,48,50,-2,51
38,45,65,-20,39
38,66,46,20,72
34,30,65,-35,26
42,64,66,-2,64
34,53,51,2,46
34,54,54,0,52
42,48,58,-10,52
38,61,38,23,67
42,73,42,31,82
38,38,57,-19,36
42,57,50,7,59
34,68,48,20,55
36,68,45,23,60
38,43,48,-5,43
34,40,46,-6,41
30,27,37,-10,26
34,45,31,14,56
38,62,48,14,62
38,41,66,-25,44
42,37,66,-29,32
34,36,49,-13,47
38,31,62,-31,28
38,49,60,-11,44
38,68,36,32,81
30,26,34,-8,33
42,43,51,-8,47
42,52,28,24,79
38,47,48,-1,59
42,49,52,-3,55
38,52,36,16,66
34,35,71,-36,31
34,33,64,-31,28
30,31,32,-1,39
34,42,44,-2,43
38,65,51,14,62
42,43,56,-13,47
38,29,52,-23,30
38,33,64,-31,37
38,52,49,3,54
42,44,37,7,68
38,68,38,30,73
38,39,61,-22,38
42,46,57,-11,49
34,39,35,4,45
34,37,41,-4,42
42,59,56,3,55
38,34,81,-47,26
38,46,66,-20,41
34,33,34,-1,46
38,42,45,-3,52
38,38,58,-20,44
34,26,52,-26,35
38,37,62,-25,34
38,61,32,29,74
38,62,37,25,70
42,40,38,2,54
42,37,71,-34,29
38,65,46,19,63
38,52,59,-7,50
38,72,33,39,75
38,39,40,-1,45
38,54,41,13,52
42,46,78,-32,37
38,78,37,41,80
38,68,47,21,62
38,45,67,-22,42
38,48,50,-2,53
42,48,54,-6,52
38,44,35,9,55
34,50,53,-3,41
34,23,44,-21,26
38,39,51,-12,41
38,51,58,-7,42
34,46,72,-26,33
38,38,60,-22,36
34,40,48,-8,39
38,70,35,35,74
38,46,55,-9,41
38,32,58,-26,23
38,36,49,-13,40
34,56,56,0,41
38,48,35,13,67
42,51,64,-13,48
38,41,46,-5,41
38,31,61,-30,30
42,40,46,-6,50
38,41,38,3,51
38,45,53,-8,49
42,69,51,18,73
34,50,52,-2,45
34,58,48,10,47
30,37,42,-5,33
38,44,48,-4,47
38,35,76,-41,26
38,41,48,-7,52
34,40,51,-11,37
38,60,33,27,71
34,34,52,-18,37
42,56,53,3,59
34,45,38,7,51
34,55,39,16,60
38,42,45,-3,48
38,35,74,-39,26
36,64,54,10,57
38,39,64,-25,43
38,47,34,13,68
38,38,54,-16,48
34,37,48,-11,40
38,37,55,-18,36
38,64,60,4,54
42,33,35,-2,54
38,43,54,-11,45
38,46,45,1,55
38,50,64,-14,45
34,47,33,14,48
34,41,52,-11,45
34,34,54,-20,30
38,74,35,39,76
34,64,35,29,62
38,49,63,-14,46
38,48,62,-14,42
34,24,56,-32,29
34,46,70,-24,34
34,53,33,20,64
38,37,44,-7,48
34,40,41,-1,53
34,41,47,-6,41
38,51,38,13,58
42,43,56,-13,44
38,46,62,-16,35
38,42,51,-9,43
34,62,36,26,69
34,46,42,4,48
34,52,32,20,62
34,44,51,-7,32
34,49,49,0,51
38,32,42,-10,43
34,27,64,-37,20
42,49,53,-4,53
30,27,36,-9,35
38,49,66,-17,45
34,30,38,-8,36
30,34,36,-2,38
38,47,55,-8,48
38,49,50,-1,53
42,57,37,20,68
42,42,51,-9,49
38,44,47,-3,50
38,48,31,17,65
38,46,58,-12,37
38,41,49,-8,43
38,46,34,12,69
38,55,61,-6,48
38,31,38,-7,41
38,47,66,-19,44
38,60,23,37,81
38,59,29,30,72
34,49,58,-9,42
38,34,44,-10,41
34,39,56,-17,38
38,76,43,33,83
38,60,74,-14,52
38,61,50,11,58
38,51,55,-4,38
38,50,69,-19,42
34,58,27,31,65
34,53,53,0,48
38,54,47,7,60
38,29,49,-20,30
42,52,59,-7,59
38,44,38,6,52
34,70,45,25,66
38,34,77,-43,23
42,37,62,-25,33
34,31,42,-11,41
34,52,59,-7,48
42,56,71,-15,54
42,49,64,-15,50
38,71,24,47,91
34,60,29,31,74
38,52,42,10,65
34,53,41,12,53
34,62,44,18,60
38,54,35,19,70
38,83,52,31,78
42,47,45,2,66
38,53,60,-7,51
42,52,43,9,63
34,37,49,-12,43
34,30,60,-30,19
38,36,61,-25,34
30,30,31,-1,47
34,31,62,-31,25
38,74,51,23,63
38,63,41,22,70
38,55,61,-6,47
42,51,40,11,64
38,47,47,0,45
34,34,38,-4,40
42,54,51,3,54
38,47,68,-21,38
38,47,42,5,47
38,44,36,8,65
38,39,59,-20,38
38,48,46,2,58
38,47,59,-12,47
38,54,68,-14,46
34,35,68,-33,29
38,31,60,-29,34
34,22,58,-36,21
38,40,37,3,59
38,57,46,11,59
34,33,44,-11,37
38,48,47,1,50
30,58,23,35,70
38,39,62,-23,38
38,46,57,-11,45
38,54,53,1,56
38,33,59,-26,31
38,62,51,11,60
38,32,38,-6,44
38,75,39,36,81
42,55,67,-12,51
38,46,47,-1,52
30,35,33,2,40
38,38,60,-22,42
36,46,65,-19,37
30,70,26,44,68
38,35,30,5,55
38,33,38,-5,50
30,33,42,-9,28
42,47,56,-9,44
34,36,53,-17,38
38,37,44,-7,49
34,56,37,19,67
42,41,66,-25,38
38,50,32,18,67
42,36,42,-6,52
38,47,51,-4,46
34,64,44,20,58
42,57,41,16,61
38,59,60,-1,49
38,54,34,20,70
38,29,54,-25,36
42,48,56,-8,49
34,50,55,-5,42
38,50,60,-10,45
38,69,50,19,67
38,71,42,29,70
34,47,48,-1,48
38,42,79,-37,38
30,48,20,28,71
38,57,43,14,61
38,33,52,-19,30
38,55,29,26,76
30,54,29,25,59
34,45,53,-8,46
34,72,37,35,64
34,19,66,-47,16
42,34,35,-1,59
42,53,53,0,61
30,47,18,29,64
34,67,32,35,75
38,65,31,34,76
42,42,51,-9,48
38,42,55,-13,42
38,37,54,-17,42
38,69,37,32,74
34,55,50,5,51
34,46,48,-2,47
34,36,42,-6,41
42,60,44,16,72
40,50,37,13,71
34,41,50,-9,44
38,40,58,-18,44
34,55,33,22,58
38,62,44,18,61
34,47,61,-14,41
34,55,58,-3,48
38,30,64,-34,23
38,64,35,29,71
38,61,39,22,72
38,51,53,-2,49
34,29,52,-23,32
34,36,43,-7,40
36,35,46,-11,38
38,36,42,-6,49
38,26,59,-33,29
38,52,30,22,69
38,44,43,1,49
38,64,61,3,63
38,29,60,-31,32
32,35,42,-7,42
38,64,51,13,64
30,40,36,4,45
38,47,42,5,55
36,40,59,-19,42
38,34,67,-33,37
42,52,44,8,63
38,50,59,-9,47
42,53,45,8,61
38,58,56,2,56
38,34,52,-18,44
38,46,63,-17,44
38,47,48,-1,54
38,33,36,-3,53
38,52,29,23,71
38,38,34,4,47
42,44,48,-4,56
34,39,57,-18,36
38,43,62,-19,37
34,38,35,3,47
38,50,46,4,48
34,58,52,6,50
34,44,46,-2,39
38,45,44,1,58
34,55,28,27,70
34,53,40,13,54
38,41,41,0,54
38,65,24,41,82
38,38,76,-38,29
38,48,65,-17,42
34,46,65,-19,42
38,37,42,-5,44
38,43,67,-24,40
38,46,53,-7,53
34,63,43,20,64
38,36,60,-24,42
38,56,54,2,50
34,47,57,-10,38
42,55,38,17,67
34,37,35,2,45
34,30,59,-29,25
38,45,44,1,56
34,40,56,-16,34
38,65,49,16,64
34,40,46,-6,39
34,39,46,-7,37
38,59,40,19,62
34,52,54,-2,43
38,76,50,26,70
38,54,61,-7,44
30,30,38,-8,36
34,46,45,1,44
38,32,69,-37,27
34,80,41,39,69
36,46,49,-3,53
34,29,53,-24,31
34,42,45,-3,44
34,38,49,-11,44
38,38,45,-7,47
34,31,48,-17,40
38,37,72,-35,23
34,45,49,-4,40
34,49,44,5,46
42,59,35,24,72
34,55,38,17,60
38,45,52,-7,50
42,36,57,-21,45
38,56,44,12,67
38,35,37,-2,48
34,44,26,18,59
38,40,50,-10,45
42,39,65,-26,33
42,54,65,-11,50
38,39,50,-11,42
36,40,70,-30,39
42,46,51,-5,50
34,28,37,-9,37
38,43,53,-10,43
38,47,49,-2,50
38,53,45,8,63
30,37,21,16,50
38,44,50,-6,51
42,57,37,20,72
37,41,49,-8,45
38,38,35,3,48
38,31,52,-21,32
34,45,45,0,42
38,59,47,12,65
34,47,52,-5,43
34,29,38,-9,38
42,42,46,-4,45
30,60,27,33,62
34,59,46,13,49
34,48,31,17,59
38,49,47,2,50
38,71,41,30,66
38,41,67,-26,35
38,57,36,21,61
34,56,50,6,49
38,38,63,-25,36
38,48,62,-14,45
34,46,57,-11,43
42,37,69,-32,32
38,35,35,0,55
38,77,63,14,63
42,40,40,0,55
38,27,53,-26,33
34,28,60,-32,25
42,37,48,-11,51
34,39,34,5,50
38,45,45,0,44
38,28,56,-28,33
34,71,32,39,72
38,44,39,5,61
42,44,54,-10,54
42,41,41,0,57
34,45,53,-8,49
38,37,59,-22,38
34,32,60,-28,25
38,50,31,19,67
34,40,61,-21,30
38,31,50,-19,42
36,59,46,13,62
34,42,64,-22,42
34,50,44,6,57
38,34,45,-11,35
38,39,46,-7,45
34,83,44,39,71
38,50,54,-4,52
38,56,49,7,60
38,48,58,-10,45
38,40,45,-5,49
33,47,43,4,49
30,20,35,-15,36
42,39,46,-7,56
38,37,49,-12,43
34,44,64,-20,28
38,43,53,-10,48
34,33,34,-1,50
34,29,60,-31,25
28,35,25,10,50
38,58,44,14,65
34,32,41,-9,34
38,59,40,19,70
34,29,44,-15,38
38,56,60,-4,57
38,72,44,28,70
34,72,70,2,44
34,67,35,32,65
34,56,61,-5,40
38,34,40,-6,43
38,49,52,-3,49
34,52,56,-4,48
38,28,62,-34,33
34,63,55,8,51
34,49,60,-11,33
38,62,59,3,52
38,50,66,-16,41
30,27,45,-18,28
38,61,33,28,72
42,40,55,-15,50
34,33,35,-2,42
42,65,35,30,80
42,47,51,-4,52
34,40,52,-12,38
38,47,57,-10,47
34,60,43,17,58
38,45,42,3,54
34,35,51,-16,29
42,57,28,29,83
34,33,24,9,56
38,35,79,-44,25
37,51,27,24,69
34,41,33,8,60
38,54,52,2,54
34,53,32,21,57
38,50,70,-20,41
38,43,38,5,49
34,38,53,-15,43
38,38,57,-19,37
42,66,47,19,75
38,48,42,6,52
38,33,54,-21,37
34,46,51,-5,37
38,34,54,-20,40
34,31,40,-9,38
38,61,35,26,70
38,37,56,-19,40
34,43,54,-11,44
38,43,37,6,54
38,40,47,-7,46
38,36,65,-29,37
38,56,48,8,59
42,47,40,7,64
38,71,66,5,53
34,52,38,14,63
34,49,50,-1,46
36,44,50,-6,52
34,50,35,15,55
38,56,46,10,59
34,51,31,20,60
38,69,33,36,71
34,60,29,31,71
38,67,39,28,71
38,40,75,-35,33
42,62,28,34,86
38,48,47,1,47
38,50,58,-8,43
38,65,26,39,85
38,34,63,-29,28
38,35,51,-16,39
38,38,54,-16,42
38,39,46,-7,49
38,55,48,7,55
38,31,52,-21,38
38,57,57,0,58
34,39,44,-5,38
38,53,30,23,70
34,54,50,4,46
38,55,45,10,65
38,48,35,13,63
38,64,33,31,70
42,61,40,21,75
38,43,50,-7,54
34,30,59,-29,31
37,36,40,-4,53
34,47,25,22,64
38,27,52,-25,38
34,43,50,-7,36
38,40,53,-13,46
34,57,53,4,46
38,35,57,-22,42
38,38,79,-41,21
34,62,41,21,58
38,72,53,19,62
34,51,39,12,60
34,44,45,-1,46
36,54,70,-16,41
34,30,65,-35,28
34,50,60,-10,39
38,52,39,13,61
28,26,32,-6,35
34,30,54,-24,31
38,56,37,19,73
42,43,60,-17,45
42,42,37,5,57
38,57,58,-1,50
38,37,47,-10,39
38,36,60,-24,35
34,42,45,-3,41
38,39,51,-12,43
34,52,59,-7,41
30,30,44,-14,31
34,64,40,24,64
34,37,42,-5,40
30,26,38,-12,29
30,25,35,-10,37
34,46,37,9,60
38,46,52,-6,47
34,52,52,0,45
34,31,53,-22,22
42,67,58,9,60
38,46,56,-10,51
34,54,30,24,63
34,71,50,21,68
38,50,50,0,61
42,43,48,-5,50
38,36,50,-14,43
34,42,52,-10,36
34,34,46,-12,31
34,55,28,27,58
34,69,53,16,60
38,42,41,1,55
42,40,59,-19,46
38,39,47,-8,46
38,45,44,1,46
42,43,60,-17,51
42,56,42,14,67
38,46,58,-12,35
38,41,45,-4,53
38,84,38,46,75
38,57,50,7,57
30,33,52,-19,33
38,47,46,1,57
32,39,41,-2,42
38,30,57,-27,29
38,45,53,-8,55
34,46,48,-2,45
34,45,46,-1,47
36,43,32,11,58
34,48,40,8,60
34,40,63,-23,36
38,31,51,-20,36
34,33,46,-13,32
36,44,52,-8,50
36,36,49,-13,31
38,37,46,-9,47
38,67,39,28,72
38,48,56,-8,44
36,47,64,-17,30
38,42,48,-6,45
38,40,51,-11,47
34,32,48,-16,31
38,50,49,1,46
38,76,42,34,69
34,52,44,8,54
38,57,39,18,69
34,43,61,-18,36
30,24,34,-10,34
42,61,45,16,80
38,46,53,-7,40
34,47,45,2,47
38,48,53,-5,51
34,36,42,-6,47
38,55,62,-7,48
38,45,52,-7,47
38,58,36,22,67
38,50,40,10,69
34,48,47,1,48
38,42,63,-21,39
34,38,53,-15,38
38,40,45,-5,55
42,42,44,-2,59
34,45,42,3,46
34,47,42,5,57
38,39,52,-13,40
38,41,43,-2,47
38,55,42,13,54
42,38,74,-36,30
34,60,41,19,61
38,47,35,12,68
38,49,56,-7,52
38,65,59,6,53
30,23,36,-13,35
42,57,32,25,84
42,42,42,0,59
42,44,67,-23,28
38,74,37,37,79
38,44,45,-1,45
34,67,65,2,38
42,68,46,22,69
42,47,36,11,71
38,46,64,-18,52
38,42,82,-40,30
36,65,48,17,59
34,32,63,-31,26
38,50,52,-2,43
38,67,28,39,76
38,68,37,31,72
34,57,57,0,52
38,69,37,32,65
36,49,46,3,52
34,38,49,-11,41
38,44,65,-21,33
29,26,30,-4,39
38,34,55,-21,36
36,46,36,10,52
38,54,45,9,56
34,33,59,-26,30
34,28,39,-11,36
38,56,71,-15,47
38,44,37,7,48
32,41,45,-4,40
42,62,77,-15,37
34,51,75,-24,27
38,52,56,-4,46
38,48,41,7,58
38,46,51,-5,46
38,62,39,23,60
38,38,46,-8,46
38,41,45,-4,47
38,41,42,-1,46
38,60,39,21,70
34,41,50,-9,39
38,58,43,15,66
34,59,34,25,62
30,23,44,-21,23
38,50,61,-11,42
30,54,32,22,59
38,55,28,27,76
34,42,60,-18,36
30,48,43,5,43
30,31,54,-23,25
42,78,40,38,85
38,34,68,-34,30
42,46,68,-22,46
28,44,44,0,40
38,39,54,-15,39
38,37,43,-6,46
42,51,57,-6,53
38,56,47,9,62
38,46,19,27,75
34,28,49,-21,27
34,39,65,-26,28
38,44,62,-18,49
34,46,42,4,65
34,67,35,32,60
38,23,43,-20,44
38,44,40,4,52
34,39,47,-8,43
38,46,48,-2,57
38,52,50,2,49
34,41,58,-17,41
34,62,46,16,57
42,68,35,33,81
38,45,44,1,54
38,33,45,-12,44
38,47,52,-5,48
34,41,50,-9,38
34,44,36,8,46
42,55,43,12,68
38,74,33,41,80
38,43,52,-9,44
42,29,60,-31,32
38,37,53,-16,42
38,34,50,-16,44
38,47,41,6,52
34,51,49,2,52
38,57,41,16,62
38,42,57,-15,45
38,72,49,23,62
38,34,57,-23,31
36,48,51,-3,42
34,56,53,3,46
34,45,37,8,51
34,37,44,-7,43
42,38,50,-12,32
30,47,26,21,59
34,73,30,43,77
34,42,38,4,45
38,42,49,-7,42
38,36,49,-13,34
38,53,53,0,47
36,69,36,33,69
42,80,62,18,59
38,47,51,-4,48
38,56,31,25,62
30,36,47,-11,40
38,35,52,-17,42
34,43,55,-12,46
38,46,39,7,56
42,38,65,-27,49
38,58,37,21,64
30,30,50,-20,24
34,45,56,-11,43
34,45,52,-7,45
30,21,45,-24,24
38,35,45,-10,40
38,42,41,1,50
38,35,60,-25,36
34,33,46,-13,37
38,53,34,19,67
34,71,32,39,74
38,41,47,-6,45
34,31,71,-40,21
38,44,65,-21,37
38,30,54,-24,39
34,57,34,23,60
38,58,45,13,62
38,73,36,37,78
34,49,49,0,51
38,46,42,4,53
38,29,59,-30,43
34,44,47,-3,43
38,32,45,-13,47
38,36,60,-24,46
38,47,61,-14,45
38,28,58,-30,37
38,36,64,-28,34
38,28,53,-25,31
38,80,35,45,82
38,37,67,-30,30
34,37,43,-6,36
34,46,34,12,52
42,44,54,-10,44
34,60,40,20,60
38,51,42,9,50
38,41,59,-18,36
34,29,50,-21,38
38,46,53,-7,48
38,36,52,-16,41
38,59,51,8,62
38,34,45,-11,42
42,51,50,1,63
34,37,45,-8,38
38,49,35,14,66
42,55,39,16,64
38,48,68,-20,34
38,68,54,14,62
38,38,45,-7,43
34,36,43,-7,35
34,40,29,11,55
34,33,61,-28,38
38,44,55,-11,41
42,43,54,-11,49
38,48,60,-12,41
28,30,29,1,44
42,59,53,6,65
34,44,41,3,51
28,31,50,-19,23
34,38,57,-19,35
30,45,27,18,50
30,25,38,-13,35
38,55,43,12,60
38,42,50,-8,42
38,58,55,3,54
34,40,41,-1,47
34,58,32,26,73
38,39,57,-18,34
38,36,52,-16,46
42,73,46,27,64
42,62,55,7,66
40,43,55,-12,48
42,58,61,-3,49
35,50,50,0,48
38,56,44,12,52
34,57,39,18,61
38,61,36,25,71
38,42,41,1,60
34,53,44,9,56
34,45,40,5,59
38,63,46,17,66
42,32,53,-21,44
38,49,45,4,48
38,75,34,41,82
38,49,31,18,69
38,44,35,9,60
38,72,43,29,68
38,37,59,-22,34
38,39,46,-7,46
38,58,40,18,73
38,58,44,14,67
38,43,51,-8,50
34,32,56,-24,27
34,41,36,5,52
32,31,33,-2,38
34,68,38,30,70
34,32,49,-17,33
38,51,39,12,59
38,66,32,34,78
34,63,34,29,64
38,38,43,-5,46
34,41,36,5,42
38,58,26,32,77
38,45,41,4,49
34,30,47,-17,31
38,44,52,-8,42
38,41,61,-20,41
38,42,32,10,63
30,32,36,-4,38
42,50,66,-16,50
36,38,51,-13,39
28,27,29,-2,35
38,46,51,-5,46
37,60,30,30,75
34,77,39,38,65
32,57,33,24,56
30,43,33,10,45
34,64,50,14,45
38,51,59,-8,40
42,65,45,20,70
38,69,36,33,78
34,46,43,3,49
34,47,35,12,50
38,68,36,32,76
34,38,48,-10,42
38,67,40,27,73
38,40,52,-12,47
38,41,58,-17,44
34,46,40,6,56
42,35,46,-11,49
34,23,55,-32,26
38,34,41,-7,37
34,63,27,36,72
38,25,73,-48,21
28,43,35,8,46
34,44,49,-5,46
38,45,52,-7,41
34,49,24,25,60
34,27,31,-4,41
38,43,55,-12,47
38,70,32,38,77
38,53,38,15,68
38,33,49,-16,36
42,38,44,-6,52
42,43,48,-5,56
38,38,47,-9,43
42,54,63,-9,42
38,70,33,37,77
38,32,43,-11,42
42,46,58,-12,45
34,66,39,27,67
38,42,35,7,65
34,43,52,-9,42
38,49,42,7,55
38,39,54,-15,38
30,26,38,-12,34
42,82,43,39,78
34,63,46,17,53
34,47,68,-21,35
38,39,51,-12,44
38,36,67,-31,32
36,55,66,-11,43
38,43,35,8,59
42,60,54,6,63
36,78,36,42,78
38,33,56,-23,29
42,37,42,-5,52
34,26,46,-20,29
38,46,57,-11,41
30,39,41,-2,37
38,40,49,-9,47
34,36,57,-21,36
38,46,65,-19,38
28,38,24,14,50
34,49,30,19,59
38,52,49,3,56
38,60,39,21,62
38,41,50,-9,46
38,42,55,-13,39
38,42,35,7,53
37,38,42,-4,45
36,37,33,4,49
38,41,41,0,39
38,38,68,-30,38
38,49,49,0,50
38,43,46,-3,52
38,44,30,14,60
42,56,49,7,60
38,34,52,-18,45
38,55,52,3,46
38,68,24,44,83
38,31,62,-31,31
42,59,38,21,77
42,47,48,-1,50
38,64,26,38,80
38,46,44,2,48
38,61,56,5,56
38,74,49,25,70
38,40,51,-11,40
34,44,71,-27,32
34,46,51,-5,47
30,40,24,16,55
38,40,48,-8,39
38,34,60,-26,34
30,32,37,-5,35
38,36,46,-10,52
32,32,39,-7,36
38,42,72,-30,31
38,40,77,-37,28
38,52,55,-3,55
38,40,65,-25,33
38,68,35,33,73
38,49,38,11,57
42,41,51,-10,51
38,54,46,8,56
38,46,57,-11,34
38,45,51,-6,47
38,34,53,-19,35
38,45,38,7,63
38,52,35,17,63
38,38,47,-9,44
38,63,51,12,55
34,44,53,-9,42
38,36,45,-9,44
38,37,62,-25,36
38,45,56,-11,45
42,39,61,-22,39
34,32,56,-24,36
42,51,64,-13,48
34,48,39,9,53
38,64,60,4,70
38,33,38,-5,43
38,35,45,-10,49
38,39,60,-21,42
38,58,55,3,56
42,42,52,-10,48
34,50,33,17,67
38,57,61,-4,47
38,40,49,-9,46
34,51,29,22,63
34,42,54,-12,41
38,67,25,42,86
38,47,52,-5,48
34,60,30,30,71
38,43,41,2,52
34,44,33,11,53
42,37,68,-31,33
34,38,54,-16,36
38,47,33,14,70
38,54,46,8,54
30,33,31,2,33
32,42,41,1,45
42,46,58,-12,48
38,65,40,25,71
42,36,40,-4,52
42,55,44,11,65
38,55,19,36,77
38,48,42,6,56
42,52,29,23,79
34,54,49,5,46
42,35,54,-19,41
38,49,47,2,51
38,47,37,10,61
36,68,45,23,70
38,31,57,-26,31
42,47,49,-2,58
34,37,29,8,51
28,39,24,15,53
38,43,53,-10,42
34,53,58,-5,43
30,36,38,-2,39
42,53,43,10,63
34,35,50,-15,39
38,41,43,-2,46
34,49,31,18,62
42,50,56,-6,53
34,35,63,-28,28
34,40,58,-18,35
38,43,41,2,44
38,71,31,40,81
38,50,53,-3,50
38,40,46,-6,45
34,50,42,8,55
38,51,45,6,58
42,55,56,-1,52
38,77,58,19,64
38,35,42,-7,50
34,35,70,-35,22
38,43,45,-2,50
34,74,29,45,80
38,58,50,8,50
36,43,42,1,50
34,31,46,-15,43
42,43,49,-6,48
42,39,54,-15,47
36,40,40,0,48
38,40,59,-19,39
34,53,47,6,52
38,39,61,-22,37
34,52,50,2,49
38,53,47,6,62
38,42,37,5,54
38,36,36,0,47
38,45,45,0,50
34,33,42,-9,38
38,59,44,15,61
38,45,46,-1,45
38,47,73,-26,39
42,48,79,-31,34
30,30,55,-25,26
38,72,37,35,72
34,53,45,8,47
38,66,51,15,61
34,53,62,-9,39
38,32,62,-30,39
38,44,30,14,66
38,38,42,-4,45
34,64,37,27,62
34,48,34,14,53
38,37,52,-15,37
34,30,55,-25,33
38,48,71,-23,31
34,43,59,-16,35
42,37,53,-16,45
38,38,48,-10,45
38,43,65,-22,33
42,37,52,-15,47
34,57,53,4,53
38,60,36,24,77
38,57,42,15,69
38,33,44,-11,48
34,53,55,-2,42
42,44,50,-6,54
38,53,57,-4,49
34,69,44,25,57
34,54,55,-1,41
38,51,60,-9,44
38,42,52,-10,43
38,51,35,16,65
38,44,56,-12,49
34,56,40,16,60
34,33,62,-29,25
34,51,33,18,54
38,52,35,17,71
32,33,39,-6,42
38,64,36,28,72
34,39,54,-15,37
42,52,50,2,57
42,58,29,29,84
38,40,49,-9,46
42,60,42,18,69
34,67,36,31,71
42,55,55,0,54
36,29,56,-27,31
34,60,48,12,54
42,44,50,-6,52
38,47,46,1,49
34,39,62,-23,32
42,52,51,1,55
34,63,29,34,66
38,45,37,8,51
34,53,31,22,72
38,43,48,-5,52
34,61,47,14,54
38,59,29,30,79
42,44,50,-6,49
38,47,34,13,53
38,69,31,38,86
38,73,51,22,70
34,40,45,-5,43
34,31,65,-34,31
38,57,56,1,53
42,51,48,3,53
38,62,38,24,70
42,42,81,-39,34
28,29,45,-16,30
42,38,34,4,60
34,36,39,-3,44
34,34,40,-6,40
34,63,54,9,54
38,51,48,3,52
38,46,42,4,46
42,70,35,35,88
38,43,50,-7,50
34,38,45,-7,44
38,33,45,-12,37
42,49,35,14,68
38,52,51,1,54
38,53,37,16,64
42,52,40,12,67
34,38,42,-4,43
42,58,59,-1,58
38,40,67,-27,33
38,50,59,-9,51
34,36,47,-11,39
38,53,39,14,68
38,55,50,5,61
38,37,65,-28,29
30,54,23,31,66
38,37,56,-19,36
34,81,40,41,65
38,38,44,-6,43
38,35,65,-30,32
38,41,56,-15,42
38,36,56,-20,41
38,47,44,3,51
42,50,51,-1,54
38,62,61,1,58
38,43,61,-18,43
34,45,60,-15,36
38,45,52,-7,47
42,36,36,0,52
42,43,61,-18,40
38,43,75,-32,30
37,55,31,24,69
38,35,63,-28,35
34,61,37,24,70
34,42,69,-27,31
36,47,68,-21,35
38,51,62,-11,53
38,34,66,-32,32
38,62,47,15,59
38,82,40,42,66
38,44,42,2,49
38,54,39,15,70
34,65,39,26,65
34,35,59,-24,25
34,41,43,-2,44
28,42,27,15,40
38,46,43,3,55
42,65,47,18,72
34,49,46,3,51
34,39,64,-25,30
38,44,55,-11,43
34,54,37,17,72
38,33,50,-17,39
38,43,39,4,56
34,38,60,-22,38
38,41,58,-17,31
38,59,41,18,66
38,42,33,9,55
38,22,68,-46,20
30,24,22,2,36
42,36,63,-27,34
38,31,58,-27,41
34,47,48,-1,47
34,35,33,2,43
38,48,62,-14,51
38,39,59,-20,38
42,42,50,-8,45
34,30,36,-6,40
30,23,28,-5,35
38,49,38,11,64
42,55,40,15,64
34,43,34,9,48
38,47,44,3,58
34,64,47,17,55
34,73,27,46,70
38,43,52,-9,44
38,33,48,-15,45
38,36,44,-8,46
42,83,37,46,85
34,33,54,-21,31
38,44,35,9,64
42,50,64,-14,48
42,49,48,1,50
34,36,44,-8,42
42,85,44,41,83
34,39,56,-17,36
34,32,45,-13,36
38,52,50,2,54
42,58,47,11,67
38,39,58,-19,37
34,46,52,-6,45
38,46,51,-5,48
38,54,46,8,61
34,57,29,28,73
34,47,49,-2,48
38,66,41,25,44
34,65,34,31,69
42,52,54,-2,59
38,36,59,-23,40
34,45,53,-8,40
34,46,54,-8,45
34,43,33,10,54
38,52,32,20,68
38,59,35,24,71
42,41,53,-12,49
38,35,49,-14,38
40,62,53,9,61
34,44,54,-10,33
38,42,41,1,53
30,30,56,-26,28
34,50,55,-5,44
38,38,45,-7,42
38,36,43,-7,46
34,36,49,-13,38
34,66,35,31,71
34,49,44,5,51
38,38,52,-14,38
34,43,62,-19,27
34,35,59,-24,35
42,49,29,20,72
38,40,74,-34,43
38,42,73,-31,30
38,44,52,-8,48
38,54,44,10,61
34,40,48,-8,41
38,39,50,-11,50
34,48,70,-22,28
38,62,46,16,67
38,47,69,-22,41
38,52,36,16,69
36,31,57,-26,33
34,28,55,-27,28
38,44,58,-14,46
38,46,44,2,51
38,36,69,-33,27
38,32,56,-24,41
37,31,50,-19,41
34,45,52,-7,38
28,38,25,13,44
34,44,47,-3,38
34,51,30,21,66
34,34,50,-16,37
38,46,43,3,55
38,42,48,-6,46
38,41,70,-29,32
34,29,34,-5,40
38,53,62,-9,41
38,40,38,2,53
34,35,58,-23,33
42,63,57,6,60
30,31,34,-3,41
34,38,62,-24,34
34,32,53,-21,36
38,27,43,-16,41
36,45,51,-6,50
34,50,65,-15,43
38,41,51,-10,42
42,39,45,-6,55
38,40,60,-20,46
38,53,51,2,50
34,39,47,-8,44
38,37,58,-21,37
38,47,45,2,46
42,67,57,10,63
42,51,63,-12,47
30,36,46,-10,39
34,42,55,-13,35
35,47,53,-6,40
34,33,59,-26,32
38,40,32,8,58
34,47,54,-7,46
38,41,64,-23,39
34,47,38,9,54
42,43,54,-11,52
38,37,43,-6,51
38,50,52,-2,50
38,46,48,-2,49
38,48,53,-5,47
34,44,53,-9,36
28,44,23,21,57
34,45,58,-13,42
38,49,58,-9,42
42,42,49,-7,47
38,49,57,-8,49
42,50,61,-11,46
42,53,34,19,67
38,43,41,2,50
38,64,43,21,62
34,50,43,7,50
38,66,63,3,49
38,37,81,-44,18
38,46,64,-18,41
38,36,38,-2,46
38,83,36,47,83
37,35,55,-20,26
38,33,36,-3,51
42,47,33,14,71
38,36,24,12,61
34,36,52,-16,36
38,37,51,-14,45
34,68,37,31,59
42,55,42,13,65
33,38,35,3,44
34,41,45,-4,48
38,66,38,28,64
34,84,41,43,69
38,48,63,-15,40
38,49,54,-5,49
38,70,42,28,69
38,27,47,-20,40
42,56,58,-2,63
34,56,43,13,55
34,30,44,-14,36
37,39,35,4,52
38,55,33,22,65
34,51,39,12,51
38,45,65,-20,23
34,55,37,18,56
38,38,49,-11,45
38,67,27,40,86
38,32,40,-8,42
34,35,41,-6,40
38,67,57,10,53
34,50,65,-15,38
38,65,37,28,72
38,71,36,35,75
38,57,43,14,60
30,37,42,-5,34
34,48,36,12,55
42,51,58,-7,51
38,34,64,-30,29
30,28,24,4,44
38,53,51,2,49
42,41,47,-6,51
38,78,42,36,76
38,37,41,-4,47
38,53,38,15,68
38,49,42,7,59
34,45,42,3,56
38,64,66,-2,50
34,26,50,-24,28
38,51,76,-25,35
38,44,48,-4,49
36,60,34,26,75
38,60,60,0,48
38,47,55,-8,40
36,68,43,25,62
34,58,60,-2,46
38,55,60,-5,43
34,28,39,-11,39
38,27,53,-26,28
34,52,31,21,65
38,64,43,21,70
34,50,45,5,46
30,30,35,-5,35
38,59,40,19,65
28,28,31,-3,37
38,31,55,-24,35
34,51,46,5,50
30,25,21,4,38
38,33,47,-14,43
38,37,54,-17,38
38,57,37,20,59
38,42,42,0,48
38,41,43,-2,48
38,61,54,7,65
38,46,34,12,63
34,65,44,21,62
38,58,61,-3,54
42,77,47,30,80
38,50,65,-15,46
34,54,35,19,58
38,36,67,-31,27
42,46,53,-7,56
30,40,44,-4,41
34,34,45,-11,32
34,54,55,-1,46
38,51,42,9,63
30,32,34,-2,41
38,51,26,25,71
34,40,72,-32,32
42,40,47,-7,49
34,24,40,-16,35
38,35,40,-5,43
34,39,72,-33,32
38,50,56,-6,42
34,66,66,0,46
38,40,60,-20,41
38,31,59,-28,31
38,62,65,-3,56
38,61,47,14,59
38,38,69,-31,35
38,63,50,13,60
42,37,45,-8,49
38,69,63,6,51
38,48,63,-15,44
36,61,58,3,55
38,49,55,-6,46
34,31,55,-24,35
34,53,51,2,54
38,40,49,-9,46
34,50,41,9,48
38,85,38,47,79
38,60,38,22,67
34,45,51,-6,39
42,51,56,-5,54
38,57,39,18,61
34,62,46,16,54
38,51,32,19,64
34,43,37,6,45
38,48,52,-4,53
38,30,47,-17,40
38,47,64,-17,39
38,48,47,1,58
42,40,67,-27,35
38,63,37,26,59
38,44,36,8,52
30,30,35,-5,38
38,44,39,5,57
34,40,45,-5,47
36,51,38,13,58
38,55,61,-6,49
38,46,55,-9,49
38,37,58,-21,37
34,72,33,39,74
38,49,58,-9,43
34,38,43,-5,37
34,50,55,-5,44
38,53,50,3,57
38,57,56,1,56
42,68,44,24,78
42,42,42,0,51
34,60,36,24,61
34,30,39,-9,38
38,39,38,1,50
35,51,38,13,60
42,39,56,-17,50
36,58,44,14,53
38,29,49,-20,34
38,30,53,-23,41
38,47,53,-6,49
36,32,63,-31,29
38,40,46,-6,44
38,62,50,12,62
36,46,55,-9,41
38,49,43,6,49
38,43,46,-3,49
34,48,41,7,43
34,40,42,-2,51
38,44,48,-4,44
38,42,36,6,71
42,48,75,-27,35
34,28,63,-35,25
34,42,42,0,45
42,55,64,-9,54
28,45,25,20,54
42,44,48,-4,53
42,63,53,10,59
34,61,35,26,64
42,51,66,-15,49
28,21,43,-22,19
34,44,44,0,50
36,68,71,-3,54
38,49,68,-19,42
38,52,48,4,58
34,34,63,-29,27
38,49,65,-16,46
34,30,65,-35,21
42,46,51,-5,55
38,60,30,30,74
38,24,60,-36,22
30,40,40,0,37
38,40,43,-3,50
38,39,27,12,60
38,41,78,-37,24
38,47,54,-7,54
38,55,67,-12,46
38,38,36,2,46
38,55,40,15,62
34,32,47,-15,39
38,78,33,45,76
30,28,52,-24,24
38,38,57,-19,41
34,34,56,-22,24
34,80,47,33,64
42,49,46,3,57
38,62,39,23,63
28,58,15,43,70
38,37,67,-30,35
38,40,53,-13,41
34,50,50,0,43
38,54,48,6,62
34,61,40,21,60
34,57,35,22,62
42,85,62,23,71
42,52,66,-14,49
34,46,49,-3,50
34,31,48,-17,31
42,45,46,-1,54
38,32,51,-19,30
42,43,59,-16,43
38,18,57,-39,23
34,27,50,-23,34
38,32,47,-15,35
38,50,39,11,57
42,40,80,-40,17
38,44,42,2,48
38,42,67,-25,39
34,58,60,-2,48
34,42,27,15,57
38,38,63,-25,36
38,48,47,1,52
38,63,49,14,56
36,66,33,33,66
30,19,45,-26,24
42,48,67,-19,41
38,36,43,-7,46
42,65,51,14,66
38,39,42,-3,55
42,49,49,0,48
42,46,53,-7,50
42,63,43,20,70
38,43,44,-1,46
34,33,57,-24,35
38,52,42,10,65
38,59,40,19,64
34,28,33,-5,44
36,53,56,-3,47
38,41,56,-15,44
38,59,40,19,71
30,39,49,-10,32
34,20,48,-28,23
38,64,43,21,64
34,45,50,-5,37
42,65,43,22,64
34,69,30,39,71
38,52,64,-12,45
34,29,42,-13,42
34,27,43,-16,34
30,35,33,2,38
34,59,43,16,55
38,37,53,-16,37
42,49,48,1,60
34,54,40,14,58
34,33,51,-18,29
34,47,37,10,48
38,54,61,-7,47
38,29,57,-28,26
38,38,40,-2,46
38,46,52,-6,47
38,48,49,-1,43
36,44,67,-23,33
42,51,59,-8,51
38,42,49,-7,37
38,33,53,-20,37
34,41,39,2,49
34,38,53,-15,40
30,33,20,13,50
30,65,20,45,69
34,32,47,-15,37
36,50,46,4,55
42,49,56,-7,49
38,36,49,-13,40
38,46,48,-2,46
34,60,36,24,68
38,27,71,-44,20
34,49,69,-20,40
38,46,41,5,50
38,68,58,10,62
30,30,51,-21,24
38,56,41,15,60
38,48,53,-5,49
38,35,63,-28,36
42,62,49,13,71
38,34,51,-17,42
34,26,62,-36,23
34,45,40,5,51
38,31,49,-18,46
38,35,60,-25,41
38,48,56,-8,44
30,32,26,6,50
34,65,30,35,68
30,24,49,-25,30
34,69,52,17,58
38,47,62,-15,44
38,43,43,0,48
38,63,28,35,79
38,62,48,14,71
38,39,57,-18,38
38,43,43,0,46
34,30,49,-19,26
38,70,25,45,87
34,42,62,-20,29
38,47,63,-16,50
30,27,32,-5,37
33,25,38,-13,24
41,45,39,6,54
38,43,42,1,54
42,43,61,-18,44
34,35,47,-12,41
38,33,52,-19,37
38,49,43,6,68
34,41,51,-10,38
42,62,45,17,76
34,43,36,7,50
34,67,22,45,75
38,35,43,-8,48
38,28,57,-29,32
42,38,53,-15,47
38,36,57,-21,39
36,57,39,18,57
38,48,28,20,63
38,45,49,-4,48
34,38,48,-10,43
38,39,52,-13,54
34,51,38,13,62
38,45,70,-25,28
34,54,65,-11,40
34,35,49,-14,37
38,45,70,-25,41
42,43,50,-7,51
38,29,45,-16,40
38,38,48,-10,39
38,45,49,-4,59
38,52,37,15,65
38,45,68,-23,41
38,48,48,0,58
42,53,36,17,68
38,39,44,-5,43
38,53,40,13,59
38,62,58,4,55
34,64,38,26,60
37,45,47,-2,44
38,44,54,-10,44
38,41,43,-2,53
34,33,47,-14,33
38,33,46,-13,36
42,79,42,37,81
34,51,29,22,60
42,45,63,-18,41
34,53,32,21,64
42,42,43,-1,50
38,28,56,-28,32
38,56,22,34,79
38,53,43,10,63
38,52,36,16,58
38,47,51,-4,49
34,26,45,-19,30
42,50,75,-25,49
38,68,28,40,81
38,33,61,-28,39
38,48,44,4,59
34,52,49,3,50
42,44,49,-5,51
38,45,45,0,49
38,31,56,-25,31
33,27,54,-27,31
38,63,36,27,78
38,68,33,35,75
38,45,35,10,64
34,64,58,6,50
38,50,46,4,60
34,41,55,-14,36
38,32,50,-18,44
38,55,53,2,52
34,41,50,-9,39
38,45,41,4,48
42,54,55,-1,53
42,44,41,3,52
38,40,74,-34,36
36,50,63,-13,41
42,57,41,16,68
38,38,46,-8,51
34,30,57,-27,31
34,48,48,0,55
38,54,40,14,61
38,52,40,12,58
34,34,42,-8,37
34,50,50,0,48
34,66,40,26,60
34,49,57,-8,32
38,35,40,-5,43
42,41,52,-11,45
42,62,43,19,72
38,28,58,-30,29
34,21,40,-19,31
34,43,39,4,46
34,36,61,-25,28
38,54,39,15,65
38,34,57,-23,36
36,44,49,-5,37
34,65,39,26,68
34,37,43,-6,44
34,61,46,15,57
38,48,52,-4,52
38,37,49,-12,37
30,31,46,-15,29
38,46,50,-4,47
34,54,55,-1,49
34,45,52,-7,39
30,47,28,19,54
35,42,34,8,51
42,65,63,2,57
38,39,54,-15,34
38,82,35,47,79
42,69,52,17,72
34,48,69,-21,27
38,36,40,-4,45
36,49,51,-2,44
38,55,46,9,62
34,49,55,-6,53
38,44,43,1,58
34,38,26,12,50
38,40,56,-16,36
38,49,52,-3,40
34,51,49,2,48
34,51,44,7,52
38,29,52,-23,36
34,37,56,-19,42
38,74,31,43,83
38,40,47,-7,56
38,40,52,-12,47
38,48,35,13,57
38,48,48,0,48
34,27,50,-23,29
35,68,40,28,59
34,48,45,3,42
34,48,50,-2,41
38,66,57,9,52
38,50,54,-4,44
42,73,48,25,79
38,58,55,3,49
38,52,43,9,59
38,42,50,-8,42
42,76,45,31,91
38,46,68,-22,40
36,40,56,-16,43
38,41,66,-25,36
38,49,52,-3,51
38,65,41,24,68
38,81,43,38,76
34,47,44,3,55
34,56,65,-9,43
34,48,59,-11,41
30,32,29,3,45
38,54,59,-5,44
38,29,48,-19,43
40,53,69,-16,48
38,49,55,-6,46
38,51,42,9,61
36,55,39,16,60
34,48,55,-7,43
38,31,45,-14,43
34,81,37,44,66
38,51,47,4,56
30,33,39,-6,36
38,38,35,3,56
42,37,67,-30,33
34,42,46,-4,43
38,51,36,15,66
38,41,47,-6,47
42,52,47,5,63
38,40,60,-20,44
38,48,53,-5,48
38,54,49,5,54
38,46,50,-4,47
34,47,50,-3,41
38,46,54,-8,52
38,38,47,-9,42
38,47,54,-7,47
42,53,49,4,57
38,58,70,-12,44
42,37,44,-7,44
38,44,52,-8,50
38,50,53,-3,43
38,39,56,-17,40
38,64,44,20,71
38,43,48,-5,48
34,34,50,-16,37
34,59,44,15,52
34,36,54,-18,34
38,42,43,-1,48
42,37,42,-5,53
42,60,50,10,57
34,58,46,12,53
42,40,49,-9,50
38,29,44,-15,42
38,38,44,-6,46
38,46,49,-3,51
34,38,44,-6,40
34,41,56,-15,37
38,85,46,39,81
38,53,51,2,54
36,76,45,31,69
42,44,49,-5,49
38,41,55,-14,49
38,47,44,3,63
34,38,39,-1,40
38,36,53,-17,38
28,27,26,1,34
38,46,54,-8,42
38,52,38,14,56
34,32,47,-15,36
42,61,40,21,73
42,60,41,19,78
38,47,37,10,55
40,44,68,-24,40
38,46,48,-2,45
42,53,36,17,64
38,59,43,16,63
38,27,61,-34,29
38,46,63,-17,36
42,38,45,-7,48
38,35,69,-34,31
38,48,34,14,60
42,35,33,2,53
38,31,58,-27,30
38,48,59,-11,45
34,51,35,16,59
34,47,34,13,50
32,60,29,31,64
34,35,42,-7,38
42,59,52,7,65
38,46,52,-6,42
38,48,78,-30,31
30,60,44,16,52
30,21,44,-23,23
34,46,47,-1,52
34,45,44,1,42
38,49,47,2,49
38,43,39,4,60
38,39,51,-12,45
38,42,49,-7,48
38,67,43,24,65
34,36,41,-5,36
38,49,41,8,67
36,50,36,14,58
38,53,43,10,59
38,64,33,31,76
38,54,39,15,58
42,45,59,-14,45
38,40,82,-42,25
38,36,54,-18,41
34,53,46,7,46
34,46,58,-12,40
38,50,53,-3,54
38,52,66,-14,47
34,34,57,-23,34
38,38,43,-5,51
38,35,59,-24,41
38,49,65,-16,41
34,47,45,2,43
36,66,42,24,65
34,29,52,-23,30
42,37,80,-43,19
34,30,49,-19,35
34,35,49,-14,42
34,44,37,7,50
30,32,26,6,46
38,66,40,26,76
38,41,40,1,51
34,59,60,-1,45
34,34,62,-28,25
34,42,44,-2,42
34,47,73,-26,29
34,44,55,-11,44
38,50,49,1,53
34,37,64,-27,36
38,53,39,14,59
38,47,52,-5,56
36,68,38,30,67
38,77,37,40,76
38,55,39,16,61
34,27,56,-29,25
42,55,51,4,60
38,59,38,21,62
38,68,41,27,80
30,34,36,-2,35
38,44,59,-15,41
34,75,35,40,79
38,43,25,18,69
38,44,51,-7,43
34,75,39,36,72
30,27,38,-11,29
34,41,52,-11,35
34,36,57,-21,32
34,66,48,18,54
34,63,40,23,64
38,39,55,-16,45
30,35,55,-20,23
34,34,60,-26,33
30,31,43,-12,33
42,32,42,-10,48
38,62,54,8,59
38,36,36,0,53
38,47,41,6,57
38,48,58,-10,50
34,49,43,6,45
34,43,43,0,49
38,53,34,19,66
42,60,47,13,66
36,55,49,6,52
38,48,59,-11,46
42,41,52,-11,48
34,39,60,-21,33
34,46,52,-6,42
38,39,53,-14,43
34,51,32,19,67
34,47,45,2,47
34,61,44,17,63
38,41,44,-3,53
38,72,34,38,83
38,49,43,6,53
38,43,64,-21,42
38,41,52,-11,45
38,55,36,19,68
34,67,36,31,67
38,54,42,12,59
42,79,47,32,81
38,34,37,-3,47
38,48,53,-5,48
42,42,41,1,54
38,35,49,-14,39
38,52,47,5,59
38,50,53,-3,47
34,51,69,-18,36
34,38,50,-12,38
38,32,49,-17,43
38,61,28,33,77
38,52,54,-2,52
30,31,41,-10,33
38,62,41,21,72
38,54,54,0,55
38,38,48,-10,52
42,49,49,0,51
38,42,55,-13,40
34,71,38,33,66
34,58,49,9,53
42,77,43,34,85
42,67,48,19,76
38,42,50,-8,41
37,57,45,12,64
38,38,42,-4,41
34,62,37,25,63
38,48,53,-5,57
34,34,76,-42,24
38,59,39,20,70
38,41,53,-12,41
38,45,32,13,57
38,42,69,-27,37
38,61,55,6,68
30,31,42,-11,37
34,60,46,14,52
34,60,32,28,65
38,37,58,-21,39
38,79,42,37,78
42,52,50,2,53
38,44,47,-3,54
34,50,66,-16,34
36,48,81,-33,36
38,37,42,-5,48
38,39,57,-18,38
38,46,62,-16,45
38,44,53,-9,48
34,59,33,26,68
42,40,53,-13,44
38,55,76,-21,47
38,36,36,0,53
34,44,55,-11,44
34,49,50,-1,49
38,37,52,-15,45
38,40,52,-12,46
38,42,52,-10,47
38,39,51,-12,45
34,46,29,17,64
38,59,45,14,66
34,39,52,-13,38
28,22,44,-22,23
38,45,65,-20,39
38,35,42,-7,47
34,52,49,3,52
38,37,46,-9,43
34,37,69,-32,25
34,44,65,-21,37
38,35,46,-11,37
34,30,35,-5,46
42,48,59,-11,47
34,34,58,-24,38
34,84,47,37,63
34,40,72,-32,35
34,67,29,38,76
34,49,49,0,51
38,67,41,26,62
35,39,52,-13,35
38,49,55,-6,48
38,41,61,-20,26
34,36,36,0,51
34,31,39,-8,41
42,52,71,-19,40
38,44,59,-15,42
42,58,56,2,57
38,34,51,-17,43
38,58,53,5,62
38,29,54,-25,33
38,52,72,-20,39
38,52,59,-7,49
38,63,64,-1,55
38,38,36,2,50
38,51,30,21,69
34,36,47,-11,37
34,33,57,-24,32
38,33,51,-18,44
38,49,54,-5,47
38,53,57,-4,48
38,37,57,-20,38
30,31,52,-21,23
34,42,54,-12,41
38,51,50,1,52
38,36,48,-12,46
38,49,28,21,63
34,36,43,-7,42
38,29,54,-25,34
42,57,27,30,82
42,50,32,18,68
38,48,45,3,54
34,31,49,-18,34
38,39,35,4,58
38,69,39,30,68
38,39,51,-12,40
29,64,19,45,67
36,47,63,-16,41
38,52,55,-3,52
38,45,46,-1,50
34,45,28,17,63
30,28,36,-8,37
34,52,53,-1,44
38,68,50,18,66
38,46,58,-12,43
38,42,68,-26,36
38,73,31,42,84
30,55,20,35,67
28,31,30,1,34
42,59,34,25,74
30,33,32,1,35
38,34,49,-15,50
42,49,52,-3,55
34,47,45,2,45
34,44,42,2,42
42,46,54,-8,44
38,37,45,-8,45
36,49,38,11,51
38,54,50,4,55
38,49,62,-13,45
38,44,40,4,51
38,46,65,-19,46
38,41,66,-25,33
38,34,43,-9,44
32,40,35,5,44
42,30,53,-23,38
34,41,46,-5,48
34,38,74,-36,22
30,26,43,-17,32
38,59,54,5,51
42,67,48,19,78
34,50,31,19,55
34,32,47,-15,35
34,42,52,-10,38
42,55,42,13,70
38,58,40,18,64
36,54,58,-4,47
30,26,42,-16,25
42,58,50,8,59
34,46,53,-7,49
42,56,67,-11,53
30,32,41,-9,36
38,49,58,-9,43
42,41,48,-7,54
38,32,51,-19,41
38,43,72,-29,34
38,73,32,41,87
42,39,48,-9,55
42,45,53,-8,50
38,51,37,14,58
38,42,77,-35,32
34,57,52,5,52
38,55,48,7,53
38,36,63,-27,37
42,35,45,-10,49
38,45,27,18,64
42,55,56,-1,52
38,54,31,23,70
34,53,33,20,62
38,57,50,7,61
38,45,69,-24,31
38,53,52,1,54
34,50,39,11,62
34,36,43,-7,42
34,49,50,-1,46
34,42,59,-17,36
34,52,34,18,67
38,48,49,-1,51
42,56,58,-2,57
38,35,54,-19,39
30,31,38,-7,32
42,48,50,-2,57
38,43,49,-6,48
38,41,58,-17,44
28,26,21,5,41
34,50,42,8,53
38,49,49,0,53
34,47,47,0,52
38,74,61,13,66
38,52,62,-10,43
42,63,67,-4,56
30,36,36,0,42
38,33,75,-42,26
38,44,42,2,56
34,30,75,-45,18
38,34,42,-8,41
34,42,63,-21,33
38,29,71,-42,18
34,36,70,-34,18
38,40,46,-6,41
38,30,50,-20,40
38,41,47,-6,47
42,47,60,-13,49
38,42,44,-2,44
38,55,46,9,55
30,33,43,-10,36
38,36,63,-27,39
34,33,52,-19,33
38,28,66,-38,30
38,40,37,3,62
34,37,49,-12,40
38,48,60,-12,45
38,41,50,-9,44
38,48,51,-3,43
38,21,63,-42,24
38,43,50,-7,43
42,57,33,24,80
34,55,44,11,59
34,39,59,-20,30
34,36,48,-12,31
34,47,52,-5,47
38,43,59,-16,39
34,47,51,-4,39
34,36,55,-19,29
38,44,43,1,58
38,35,56,-21,42
34,41,53,-12,39
38,57,42,15,66
38,38,56,-18,36
34,47,53,-6,44
38,69,35,34,70
38,51,38,13,57
38,41,47,-6,43
38,40,36,4,57
34,67,22,45,77
42,55,42,13,69
38,34,66,-32,19
42,61,58,3,61
38,41,32,9,57
38,37,52,-15,38
38,36,41,-5,52
42,33,53,-20,43
38,45,43,2,51
38,36,78,-42,25
38,61,46,15,60
34,37,43,-6,43
34,42,46,-4,43
36,63,40,23,62
42,45,56,-11,53
38,40,49,-9,44
38,49,52,-3,44
42,58,54,4,57
38,76,33,43,74
38,28,58,-30,30
42,42,43,-1,50
38,66,30,36,72
38,76,43,33,67
38,38,32,6,57
38,32,56,-24,38
34,23,39,-16,32
38,36,53,-17,45
34,34,35,-1,48
34,63,48,15,62
38,39,64,-25,35
34,40,48,-8,37
38,55,56,-1,56
34,35,49,-14,36
38,64,45,19,67
38,48,27,21,66
30,19,33,-14,28
36,55,61,-6,47
38,30,66,-36,30
38,60,62,-2,54
34,46,51,-5,41
34,25,35,-10,40
38,45,46,-1,61
38,44,56,-12,46
38,31,57,-26,34
38,59,40,19,65
34,47,49,-2,45
38,72,36,36,74
30,29,36,-7,36
38,27,67,-40,15
38,39,65,-26,41
34,76,33,43,68
38,56,33,23,67
38,36,42,-6,50
42,49,51,-2,52
34,41,57,-16,34
38,63,57,6,53
38,51,29,22,69
38,60,43,17,58
42,36,33,3,49
38,41,55,-14,51
34,43,32,11,48
38,71,42,29,72
34,44,47,-3,43
38,29,70,-41,25
36,42,56,-14,35
34,60,51,9,49
38,39,53,-14,45
42,54,48,6,65
38,28,52,-24,41
38,47,73,-26,36
42,66,56,10,56
42,48,52,-4,54
38,49,45,4,54
38,70,30,40,90
38,34,67,-33,30
38,56,70,-14,45
38,38,60,-22,36
38,55,35,20,66
38,66,73,-7,44
38,54,49,5,54
38,45,61,-16,42
38,61,50,11,62
38,44,40,4,51
38,40,49,-9,49
34,55,59,-4,40
34,37,74,-37,20
42,41,54,-13,44
34,41,38,3,45
42,41,58,-17,42
38,61,36,25,66
38,53,43,10,59
38,76,42,34,78
38,80,33,47,82
38,58,48,10,57
34,37,43,-6,39
34,36,41,-5,43
36,60,41,19,56
42,61,40,21,72
38,40,57,-17,46
38,34,35,-1,44
34,43,39,4,51
38,52,57,-5,50
38,39,45,-6,55
34,39,51,-12,38
38,50,46,4,58
41,39,62,-23,40
38,51,68,-17,34
34,40,30,10,50
34,71,26,45,77
38,42,39,3,55
38,50,44,6,58
34,57,49,8,50
38,69,49,20,72
38,70,49,21,66
42,34,57,-23,40
38,44,34,10,61
34,43,43,0,42
38,48,44,4,53
41,35,57,-22,37
42,37,38,-1,53
34,37,52,-15,39
38,60,42,18,64
38,65,62,3,50
34,68,21,47,76
34,75,45,30,66
38,49,54,-5,44
38,61,32,29,72
42,63,59,4,55
38,47,68,-21,33
38,57,42,15,65
42,53,59,-6,52
38,35,41,-6,43
38,50,61,-11,44
38,34,55,-21,35
38,33,78,-45,31
38,48,55,-7,45
42,46,48,-2,53
38,34,45,-11,45
34,47,60,-13,44
34,44,52,-8,44
38,68,31,37,67
38,41,48,-7,43
36,68,27,41,76
34,55,46,9,56
38,40,44,-4,48
34,38,60,-22,33
38,49,35,14,66
34,43,46,-3,41
38,53,48,5,55
38,58,47,11,54
37,43,28,15,63
42,49,40,9,66
38,68,30,38,76
38,56,38,18,66
36,33,36,-3,43
34,60,62,-2,45
38,42,43,-1,49
42,58,42,16,73
34,53,60,-7,43
42,57,41,16,71
34,40,46,-6,37
38,39,53,-14,41
34,34,58,-24,31
34,75,33,42,77
38,52,29,23,67
38,40,47,-7,36
42,43,56,-13,50
34,69,49,20,51
34,53,32,21,59
30,48,50,-2,44
34,43,43,0,52
44,52,65,-13,48
34,42,66,-24,39
42,45,59,-14,52
34,85,52,33,69
34,50,40,10,50
34,28,54,-26,27
34,72,40,32,64
42,40,66,-26,41
34,50,49,1,50
38,33,63,-30,40
38,43,40,3,45
38,43,36,7,55
38,46,41,5,60
38,38,40,-2,47
34,41,49,-8,37
34,36,52,-16,39
35,53,36,17,60
38,37,46,-9,43
38,53,38,15,65
30,31,44,-13,32
34,45,49,-4,47
34,56,39,17,61
34,42,40,2,48
42,41,48,-7,48
42,44,49,-5,54
34,44,59,-15,39
42,57,65,-8,46
38,49,38,11,56
38,46,57,-11,44
38,54,44,10,62
34,62,36,26,58
34,53,45,8,47
38,66,46,20,61
38,34,69,-35,34
34,49,65,-16,44
30,35,36,-1,37
38,43,55,-12,47
34,44,39,5,49
38,63,18,45,88
38,72,42,30,69
34,51,71,-20,32
38,55,42,13,64
38,34,47,-13,44
38,40,62,-22,39
42,62,43,19,67
34,31,50,-19,36
38,52,37,15,63
34,38,58,-20,39
38,28,43,-15,38
34,24,63,-39,22
34,56,30,26,63
38,80,57,23,67
42,37,39,-2,47
42,41,60,-19,45
42,57,50,7,66
38,54,67,-13,48
30,39,28,11,46
34,55,39,16,58
42,60,40,20,71
38,77,48,29,67
34,32,41,-9,42
38,40,56,-16,40
38,46,52,-6,44
38,51,39,12,54
38,40,65,-25,34
38,43,54,-11,40
38,43,54,-11,36
38,37,70,-33,32
38,37,55,-18,37
34,37,46,-9,42
30,35,53,-18,31
34,69,28,41,74
34,35,46,-11,38
30,37,41,-4,36
34,48,43,5,52
38,34,69,-35,28
34,44,49,-5,42
34,52,55,-3,43
34,51,56,-5,47
38,63,40,23,68
38,48,37,11,60
34,53,48,5,52
42,56,27,29,74
42,53,50,3,60
34,60,55,5,53
42,62,43,19,66
38,57,58,-1,60
38,37,53,-16,35
38,48,59,-11,47
38,54,37,17,57
40,41,55,-14,44
42,67,32,35,82
36,51,67,-16,37
38,44,70,-26,36
36,51,55,-4,43
38,60,47,13,55
34,47,36,11,58
30,35,42,-7,42
38,64,65,-1,55
34,48,48,0,45
38,55,48,7,53
42,73,47,26,78
38,28,41,-13,43
42,44,44,0,53
38,30,67,-37,21
34,42,47,-5,45
30,20,35,-15,30
38,52,54,-2,53
38,29,69,-40,22
38,21,70,-49,20
38,57,33,24,69
34,41,36,5,48
30,23,37,-14,31
34,54,28,26,66
42,60,62,-2,52
34,40,48,-8,40
42,57,41,16,71
38,36,41,-5,37
38,72,37,35,82
42,71,43,28,81
34,37,40,-3,42
34,58,46,12,54
34,30,36,-6,44
38,47,50,-3,55
38,30,50,-20,37
38,26,69,-43,15
38,46,49,-3,47
34,72,38,34,69
38,54,29,25,69
38,65,43,22,66
38,71,38,33,69
32,28,47,-19,36
38,64,24,40,83
34,44,54,-10,39
38,55,49,6,61
34,55,42,13,55
42,41,41,0,55
38,44,45,-1,51
38,50,38,12,63
38,53,41,12,69
38,52,41,11,53
38,63,35,28,68
38,34,47,-13,44
42,37,47,-10,53
38,68,41,27,79
38,44,56,-12,42
36,37,64,-27,36
42,31,63,-32,35
42,46,64,-18,38
38,51,46,5,55
30,35,30,5,45
42,37,62,-25,35
36,45,45,0,52
38,42,56,-14,49
38,36,73,-37,24
38,77,38,39,78
38,44,62,-18,40
38,45,53,-8,44
28,38,22,16,52
38,61,62,-1,52
38,41,59,-18,43
34,33,51,-18,33
42,37,51,-14,51
34,49,50,-1,45
38,50,60,-10,43
38,52,41,11,58
34,65,20,45,85
38,48,47,1,54
30,36,37,-1,43
34,52,39,13,58
28,27,33,-6,30
34,59,32,27,65
42,37,58,-21,31
42,49,51,-2,50
38,53,41,12,61
38,50,68,-18,42
38,36,44,-8,41
34,41,59,-18,33
42,57,57,0,57
38,24,37,-13,44
28,29,38,-9,30
34,41,51,-10,36
34,32,49,-17,39
38,32,55,-23,38
38,38,69,-31,36
38,44,61,-17,47
34,32,41,-9,37
34,37,54,-17,33
36,45,71,-26,41
38,52,42,10,58
38,39,32,7,54
34,30,57,-27,30
42,44,36,8,68
38,52,44,8,57
38,50,48,2,50
38,42,58,-16,40
35,44,46,-2,42
42,45,55,-10,44
34,42,53,-11,48
42,49,63,-14,43
38,40,61,-21,41
38,72,39,33,74
34,49,71,-22,30
38,73,38,35,73
42,48,43,5,63
34,33,42,-9,39
38,53,47,6,52
38,55,58,-3,45
38,52,60,-8,44
42,37,54,-17,44
38,33,77,-44,26
38,50,30,20,72
38,38,45,-7,46
34,35,51,-16,31
42,46,57,-11,51
37,44,39,5,55
42,52,51,1,59
30,45,33,12,46
28,30,45,-15,26
38,29,47,-18,35
34,50,52,-2,45
38,66,36,30,75
34,53,37,16,63
38,56,43,13,59
34,65,52,13,55
38,37,51,-14,43
36,54,37,17,62
42,44,51,-7,46
34,66,56,10,58
38,37,42,-5,53
38,69,54,15,59
38,49,62,-13,39
42,44,44,0,54
38,43,66,-23,37
38,56,53,3,58
38,40,70,-30,31
38,61,25,36,72
38,46,55,-9,50
38,44,41,3,47
30,25,27,-2,41
38,48,56,-8,46
34,55,49,6,47
38,58,46,12,59
42,45,50,-5,57
38,54,22,32,76
34,23,64,-41,21
38,65,54,11,66
34,39,40,-1,41
38,62,68,-6,54
38,42,54,-12,46
38,52,32,20,66
38,51,53,-2,49
38,44,61,-17,38
34,50,55,-5,43
38,74,36,38,77
38,69,40,29,71
38,36,51,-15,40
38,37,60,-23,34
34,35,51,-16,38
42,55,50,5,61
34,49,47,2,61
38,46,48,-2,46
38,42,60,-18,39
34,32,72,-40,26
38,24,37,-13,38
38,52,52,0,54
34,53,38,15,52
38,65,47,18,62
34,47,31,16,61
38,56,60,-4,47
34,41,52,-11,41
38,35,54,-19,42
38,59,52,7,49
34,56,46,10,63
38,47,68,-21,43
42,44,51,-7,48
34,58,32,26,61
38,35,46,-11,40
38,44,69,-25,35
36,39,67,-28,29
38,41,62,-21,33
38,65,44,21,65
36,72,25,47,75
38,32,62,-30,27
34,56,62,-6,43
34,49,33,16,62
38,52,65,-13,47
42,51,60,-9,52
34,57,58,-1,46
42,66,55,11,58
38,57,27,30,68
38,56,65,-9,39
38,58,40,18,65
38,43,59,-16,36
34,41,44,-3,47
34,47,44,3,48
38,40,67,-27,31
36,52,42,10,46
42,61,44,17,71
38,58,51,7,58
34,34,40,-6,44
30,33,31,2,45
42,72,50,22,74
38,49,48,1,45
38,55,56,-1,55
34,56,40,16,51
38,38,43,-5,42
38,66,59,7,49
38,46,50,-4,48
38,37,41,-4,44
38,48,65,-17,40
34,28,60,-32,28
34,42,42,0,50
34,44,34,10,55
38,46,46,0,49
34,57,44,13,63
36,46,54,-8,41
38,39,48,-9,38
38,36,46,-10,46
34,29,56,-27,28
38,32,35,-3,52
44,57,68,-11,51
34,43,37,6,46
38,47,40,7,52
42,45,61,-16,46
38,41,45,-4,53
38,68,33,35,71
38,54,39,15,68
34,19,55,-36,22
42,42,53,-11,49
42,54,38,16,71
34,68,42,26,67
38,36,56,-20,41
38,43,53,-10,43
34,45,49,-4,42
37,45,40,5,51
38,43,48,-5,51
38,43,41,2,50
38,50,50,0,52
42,46,48,-2,62
42,55,53,2,59
42,63,51,12,64
42,57,35,22,65
38,57,47,10,32
34,39,48,-9,37
42,56,55,1,52
38,41,43,-2,51
38,54,37,17,65
34,42,60,-18,36
34,49,38,11,49
38,36,48,-12,43
28,35,34,1,40
42,61,36,25,82
37,37,40,-3,41
38,68,29,39,84
38,70,63,7,60
38,59,55,4,47
42,60,64,-4,60
38,40,66,-26,35
38,47,57,-10,44
38,46,49,-3,53
42,58,49,9,65
42,27,57,-30,31
42,45,46,-1,55
34,45,48,-3,45
36,35,51,-16,38
38,32,77,-45,27
38,69,46,23,70
34,49,58,-9,33
34,33,54,-21,27
34,48,45,3,46
38,34,48,-14,47
34,48,30,18,67
38,45,39,6,52
38,55,51,4,69
38,47,66,-19,35
38,45,66,-21,33
34,36,60,-24,32
38,46,48,-2,47
34,29,35,-6,44
38,48,39,9,58
42,50,46,4,55
38,47,30,17,64
38,42,48,-6,48
38,71,51,20,60
38,71,56,15,62
34,36,50,-14,32
34,43,54,-11,42
38,50,50,0,60
36,43,56,-13,36
29,25,49,-24,23
38,42,40,2,45
38,47,48,-1,50
38,55,40,15,63
34,49,34,15,60
38,38,66,-28,34
28,31,34,-3,32
38,60,57,3,51
42,47,42,5,58
38,41,27,14,57
35,38,49,-11,45
38,59,53,6,59
38,64,23,41,83
38,43,56,-13,50
42,48,45,3,59
34,55,63,-8,38
42,55,39,16,70
38,60,43,17,63
38,32,44,-12,44
38,49,55,-6,47
38,31,63,-32,32
38,36,68,-32,24
34,53,30,23,68
30,41,16,25,62
30,40,44,-4,40
37,46,39,7,57
38,61,35,26,63
38,56,60,-4,54
34,34,33,1,44
36,47,57,-10,41
36,39,54,-15,43
38,83,38,45,79
38,50,41,9,61
30,27,46,-19,28
42,48,41,7,56
30,28,55,-27,23
38,47,56,-9,45
38,40,82,-42,25
38,48,58,-10,48
42,38,46,-8,49
38,38,47,-9,48
38,34,44,-10,47
38,40,53,-13,42
36,28,77,-49,20
42,40,46,-6,57
38,47,58,-11,42
38,67,37,30,73
44,54,38,16,69
38,55,78,-23,39
38,37,34,3,56
42,42,54,-12,51
34,33,40,-7,45
38,51,35,16,71
37,50,40,10,57
34,65,43,22,63
34,38,46,-8,39
34,60,46,14,56
38,80,47,33,77
34,37,45,-8,38
38,45,61,-16,46
34,84,55,29,67
38,56,59,-3,43
38,42,56,-14,45
34,36,35,1,55
38,49,58,-9,58
38,30,60,-30,25
38,48,54,-6,41
38,38,48,-10,47
38,60,51,9,53
30,31,49,-18,25
34,37,37,0,39
42,54,27,27,82
38,49,53,-4,48
38,37,67,-30,36
38,65,48,17,59
34,47,35,12,57
38,45,54,-9,45
38,39,72,-33,43
34,43,56,-13,46
34,49,35,14,65
34,51,50,1,50
38,57,54,3,60
38,74,41,33,79
30,21,45,-24,26
34,38,56,-18,40
38,57,47,10,53
34,60,36,24,72
38,68,24,44,90
42,46,52,-6,50
42,40,48,-8,46
38,44,57,-13,42
38,52,45,7,53
30,61,18,43,70
38,37,44,-7,43
38,38,40,-2,47
30,41,38,3,39
34,63,51,12,55
38,39,41,-2,45
38,52,55,-3,45
38,63,38,25,71
42,59,28,31,80
38,60,33,27,74
38,48,61,-13,40
38,50,63,-13,41
40,49,48,1,50
38,67,54,13,65
34,76,42,34,65
38,55,55,0,53
38,48,58,-10,45
33,20,48,-28,23
38,43,75,-32,21
42,41,61,-20,40
38,53,50,3,52
30,61,31,30,63
30,44,18,26,66
38,48,70,-22,38
33,44,42,2,43
38,59,53,6,64
38,33,45,-12,42
38,51,65,-14,41
42,41,46,-5,52
34,50,56,-6,42
42,49,52,-3,59
38,35,46,-11,48
34,47,53,-6,42
38,49,49,0,58
38,60,50,10,55
34,46,59,-13,42
34,68,44,24,55
38,59,48,11,55
34,46,42,4,50
42,47,70,-23,40
34,25,48,-23,34
38,72,40,32,70
34,76,50,26,57
38,37,53,-16,36
34,36,65,-29,19
38,37,43,-6,50
42,52,47,5,59
34,35,35,0,47
34,49,51,-2,48
42,58,42,16,72
38,57,33,24,75
34,42,54,-12,38
36,50,56,-6,46
37,36,54,-18,40
38,36,61,-25,43
38,42,45,-3,51
38,38,59,-21,34
38,35,76,-41,31
38,37,40,-3,50
34,53,26,27,66
38,59,41,18,66
42,49,67,-18,47
42,50,49,1,59
38,60,41,19,65
34,68,36,32,70
28,22,40,-18,28
34,53,32,21,68
38,43,66,-23,39
30,30,44,-14,32
30,29,60,-31,29
34,34,52,-18,36
34,39,55,-16,32
34,42,52,-10,41
34,49,62,-13,32
34,34,48,-14,31
38,38,53,-15,37
38,41,54,-13,39
38,40,48,-8,47
38,55,59,-4,55
34,78,36,42,72
38,38,32,6,56
42,58,50,8,62
38,74,51,23,70
34,38,61,-23,34
38,42,60,-18,39
34,43,55,-12,35
38,52,49,3,59
38,66,27,39,81
38,43,56,-13,41
38,41,54,-13,38
42,52,43,9,65
42,69,37,32,82
34,34,40,-6,35
38,42,49,-7,44
38,47,51,-4,52
38,38,72,-34,30
34,46,48,-2,47
34,45,55,-10,45
38,52,54,-2,45
38,49,57,-8,48
34,30,39,-9,46
38,36,46,-10,45
38,42,54,-12,45
38,47,54,-7,55
42,64,40,24,68
38,33,55,-22,39
34,51,41,10,55
34,29,51,-22,31
42,39,47,-8,54
38,48,59,-11,44
38,59,52,7,63
34,47,27,20,61
38,29,58,-29,30
37,33,42,-9,42
30,27,49,-22,24
38,64,45,19,68
34,27,45,-18,36
38,52,44,8,53
38,42,36,6,52
34,54,49,5,51
34,43,50,-7,46
42,54,69,-15,52
42,51,36,15,72
38,34,60,-26,34
34,34,75,-41,22
38,61,42,19,61
38,47,48,-1,53
42,35,51,-16,52
42,47,36,11,64
