GP,F,A,GD,P
34,81,33,48,76
34,37,50,-13,38
38,51,69,-18,37
46,65,53,12,74
42,55,47,8,53
42,35,45,-10,49
46,51,67,-16,55
46,64,39,25,80
34,58,38,20,56
38,39,27,12,60
46,56,80,-24,50
46,71,62,9,70
34,26,58,-32,22
38,44,35,9,55
23,28,37,-9,31
46,68,64,4,66
42,57,50,7,59
38,34,45,-11,45
30,27,49,-22,24
14,11,30,-19,13
34,38,50,-12,38
38,71,45,26,76
38,42,50,-8,49
34,46,58,-12,40
34,54,65,-11,40
46,81,37,44,96
46,85,58,27,77
42,48,59,-11,47
46,66,67,-1,61
38,81,43,38,76
34,34,56,-22,24
34,53,32,21,68
34,44,33,11,66
34,67,36,31,67
38,56,70,-14,45
0,0,0,0,0
38,45,33,12,64
34,64,46,18,63
30,33,43,-10,36
38,38,56,-18,36
46,58,70,-12,56
38,48,68,-20,35
46,35,95,-60,25
42,47,47,0,61
38,70,63,7,60
42,66,56,10,56
17,22,17,5,27
38,51,53,-2,45
34,56,30,26,63
34,32,47,-15,35
42,54,64,-10,52
38,29,54,-25,34
34,48,40,8,46
42,50,64,-14,48
34,86,22,64,91
38,41,48,-7,44
34,68,43,25,63
34,74,22,52,82
38,58,58,0,49
30,47,26,21,59
42,61,40,21,75
46,47,47,0,62
42,42,53,-11,49
38,52,66,-14,47
42,45,36,9,71
34,42,60,-18,36
34,48,41,7,63
38,57,50,7,57
30,11,42,-31,17
38,40,60,-20,46
46,63,53,10,82
38,46,49,-3,47
34,56,56,0,41
46,55,62,-7,61
34,75,33,42,75
38,57,50,7,65
38,47,65,-18,46
38,54,42,12,68
38,46,55,-9,39
38,49,52,-3,46
46,48,61,-13,53
38,31,59,-28,31
34,65,44,21,62
46,62,47,15,79
30,28,32,-4,39
46,58,48,10,67
38,36,41,-5,47
38,41,47,-6,49
34,43,56,-13,46
38,34,41,-7,48
30,27,63,-36,20
46,54,64,-10,63
42,50,61,-11,46
36,47,68,-21,35
34,55,32,23,64
34,32,72,-40,26
46,71,48,23,84
38,48,63,-15,44
17,32,29,3,25
42,37,68,-31,33
34,103,31,72,87
46,76,54,22,80
46,65,88,-23,43
34,99,44,55,78
36,60,34,26,75
46,54,58,-4,58
38,37,81,-44,18
38,51,53,-2,52
38,32,55,-23,38
38,59,47,12,65
38,55,41,14,61
38,52,42,10,58
38,36,59,-23,35
38,36,73,-37,24
38,42,48,-6,45
34,26,52,-26,35
46,46,65,-19,48
20,25,35,-10,19
34,58,52,6,50
38,44,62,-18,40
38,48,61,-13,40
37,51,27,24,69
21,25,21,4,28
38,60,52,8,61
34,44,54,-10,39
34,46,29,17,64
34,54,55,-1,46
25,28,30,-2,32
42,72,48,24,71
34,51,56,-5,42
36,84,31,53,82
34,36,45,-9,43
46,44,66,-22,44
34,40,58,-18,35
46,53,83,-30,46
38,37,41,-4,44
34,45,42,3,44
38,41,51,-10,42
38,45,66,-21,33
46,69,35,34,83
30,28,59,-31,24
38,49,65,-16,46
34,23,39,-16,32
34,29,33,-4,41
38,68,54,14,62
20,15,26,-11,17
38,48,68,-20,42
34,39,44,-5,52
38,69,50,19,67
34,48,30,18,67
46,67,46,21,70
37,43,28,15,63
34,49,44,5,46
38,61,35,26,63
38,57,47,10,58
46,47,68,-21,51
36,54,47,7,53
46,75,63,12,73
34,51,39,12,51
34,52,39,13,58
34,40,61,-21,30
46,69,77,-8,61
38,65,59,6,53
46,82,44,38,92
34,71,50,21,68
17,36,29,7,24
42,44,50,-6,54
34,48,37,11,56
34,43,43,0,49
46,70,56,14,69
38,51,39,12,54
38,68,58,10,62
21,31,48,-17,16
38,51,38,13,62
46,74,40,34,93
17,31,22,9,28
38,53,46,7,56
38,32,47,-15,35
34,48,55,-7,43
46,96,38,58,99
17,29,24,5,30
38,44,52,-8,48
38,74,49,25,70
38,38,36,2,53
19,32,20,12,32
38,48,50,-2,51
42,46,57,-11,49
38,60,44,16,59
34,39,51,-12,35
42,41,61,-20,40
38,36,31,5,58
46,46,60,-14,50
38,46,39,7,55
38,50,61,-11,42
34,48,42,6,55
38,46,48,-2,49
46,55,52,3,62
46,76,47,29,88
46,44,58,-14,54
38,86,38,48,82
42,44,52,-8,49
34,42,40,2,48
38,44,43,1,49
38,29,52,-23,36
38,30,78,-48,25
38,50,68,-18,42
38,37,61,-24,40
38,46,58,-12,37
38,47,59,-12,40
35,44,43,1,45
34,63,55,8,51
34,41,50,-9,39
42,42,51,-9,48
38,56,39,17,68
38,38,47,-9,50
38,44,51,-7,45
34,47,53,-6,42
42,69,52,17,72
34,76,33,43,68
30,28,46,-18,26
34,53,31,22,65
38,33,55,-22,39
38,64,43,21,62
30,41,38,3,50
38,46,40,6,50
42,37,44,-7,44
38,49,54,-5,44
30,60,44,16,52
38,52,44,8,53
42,47,70,-23,40
42,64,49,15,73
30,45,27,18,50
28,30,29,1,44
38,63,49,14,60
38,40,37,3,62
38,47,46,1,57
42,56,58,-2,63
42,51,36,15,72
38,56,48,8,56
34,57,53,4,46
34,32,41,-9,37
42,49,48,1,50
38,45,65,-20,23
38,52,42,10,65
34,34,60,-26,33
42,56,55,1,52
14,18,19,-1,20
46,60,69,-9,59
38,32,51,-19,30
38,61,39,22,72
38,45,65,-20,43
38,44,47,-3,50
38,46,50,-4,47
38,71,32,39,80
34,80,18,62,79
18,24,30,-6,21
42,44,54,-10,54
42,47,54,-7,49
38,30,51,-21,36
34,69,41,28,70
38,51,32,19,64
30,25,39,-14,29
44,54,38,16,69
38,47,42,5,47
38,37,43,-6,51
34,32,58,-26,32
42,66,63,3,61
46,83,47,36,87
38,63,41,22,70
17,26,26,0,24
38,48,60,-12,44
34,69,52,17,58
16,20,21,-1,23
46,48,51,-3,54
34,31,45,-14,48
46,58,60,-2,65
46,62,48,14,67
46,65,62,3,65
34,47,51,-4,39
17,13,24,-11,15
21,19,22,-3,27
38,44,69,-25,35
38,48,28,20,63
38,42,45,-3,52
34,33,46,-13,32
38,43,41,2,44
38,61,48,13,69
32,41,28,13,58
46,87,63,24,87
34,36,55,-19,29
34,67,50,17,55
38,52,47,5,55
38,44,48,-4,50
19,23,22,1,27
38,40,52,-12,46
38,49,43,6,68
38,44,71,-27,36
34,43,47,-4,49
38,33,45,-12,42
38,68,43,25,63
37,33,42,-9,42
18,19,21,-2,21
34,29,44,-15,38
42,43,54,-11,52
34,42,62,-20,29
38,51,29,22,69
42,59,35,24,87
38,52,49,3,53
34,31,62,-31,25
34,49,51,-2,48
34,37,35,2,45
36,45,64,-19,38
30,31,52,-21,23
38,44,36,8,65
38,33,45,-12,37
20,24,44,-20,19
34,36,41,-5,43
34,21,40,-19,31
34,70,45,25,66
46,86,38,48,92
46,56,76,-20,45
38,44,67,-23,38
34,81,37,44,66
42,46,61,-15,45
38,35,51,-16,39
42,70,29,41,83
38,68,41,27,79
38,42,49,-7,45
46,55,54,1,53
46,64,47,17,82
36,71,33,38,74
38,47,45,2,41
42,55,42,13,65
38,48,60,-12,41
17,38,11,27,38
30,36,29,7,49
34,51,44,7,59
35,38,49,-11,45
38,47,49,-2,50
30,23,37,-14,33
38,36,42,-6,50
46,50,57,-7,54
38,64,65,-1,55
34,41,48,-7,42
42,42,42,0,59
38,42,41,1,60
34,37,43,-6,36
38,37,51,-14,43
46,83,46,37,87
38,34,54,-20,36
38,86,37,49,90
25,39,33,6,42
46,58,61,-3,71
38,34,49,-15,50
38,58,55,3,49
46,82,40,42,96
36,43,32,11,58
46,89,41,48,97
36,45,51,-6,43
38,53,51,2,54
46,82,39,43,99
38,74,41,33,79
34,26,68,-42,19
38,103,32,71,86
46,57,39,18,80
28,39,24,15,53
42,37,39,-2,47
38,49,40,9,61
32,40,35,5,44
46,54,80,-26,51
46,44,57,-13,51
38,65,44,21,67
34,43,46,-3,43
34,31,50,-19,36
34,47,31,16,61
34,44,45,-1,41
34,39,44,-5,44
46,57,46,11,73
38,41,55,-14,50
36,38,53,-15,38
46,49,52,-3,60
38,46,42,4,53
46,77,53,24,81
42,51,56,-5,54
42,36,33,3,49
38,58,44,14,67
38,47,48,-1,53
38,70,33,37,77
42,41,40,1,62
34,30,57,-27,30
34,60,27,33,74
46,41,74,-33,41
46,62,44,18,84
38,42,39,3,55
38,42,52,-10,43
34,24,56,-32,29
17,34,31,3,29
46,38,68,-30,46
34,63,29,34,66
34,38,58,-20,39
36,40,59,-19,42
38,34,66,-32,32
6,7,5,2,5
38,40,40,0,53
38,36,46,-10,46
38,57,46,11,64
38,38,36,2,50
42,50,49,1,59
38,33,38,-5,43
34,28,55,-27,28
36,41,57,-16,38
42,50,44,6,64
34,52,49,3,50
25,50,27,23,51
42,83,30,53,85
34,36,57,-21,36
38,105,35,70,91
15,19,27,-8,16
46,59,79,-20,50
46,62,65,-3,60
46,61,48,13,73
30,61,31,30,63
34,33,46,-13,37
34,32,40,-8,39
46,76,66,10,71
34,44,49,-5,46
38,34,50,-16,44
34,47,44,3,56
38,45,45,0,51
42,77,47,30,80
17,32,26,6,29
34,53,60,-7,43
34,34,64,-30,31
34,41,52,-11,41
42,53,50,3,57
34,64,40,24,64
35,50,50,0,48
38,69,46,23,70
38,38,69,-31,35
19,21,23,-2,25
34,64,44,20,58
38,51,62,-11,43
38,30,61,-31,29
38,47,44,3,51
36,41,60,-19,37
42,59,40,19,67
38,54,42,12,58
34,39,55,-16,32
34,35,41,-6,40
38,45,65,-20,39
34,39,54,-15,37
38,42,32,10,63
34,35,50,-15,41
34,52,55,-3,43
38,46,58,-12,45
46,66,43,23,78
38,57,37,20,70
34,43,54,-11,44
38,46,43,3,55
34,43,67,-24,33
42,46,49,-3,51
34,46,51,-5,41
38,52,60,-8,44
34,48,47,1,48
44,52,65,-13,48
36,42,56,-14,35
46,53,48,5,70
38,63,18,45,88
38,38,40,-2,47
38,90,36,54,86
38,27,22,5,50
36,32,60,-28,36
38,68,41,27,80
36,47,64,-17,30
38,33,44,-11,48
34,32,47,-15,36
38,51,28,23,71
38,41,41,0,39
34,33,48,-15,33
34,48,48,0,45
46,59,53,6,66
21,20,34,-14,19
38,49,61,-12,43
38,40,48,-8,51
38,53,38,15,68
46,53,49,4,63
38,53,50,3,52
38,55,52,3,46
38,92,26,66,102
46,49,66,-17,47
34,26,44,-18,39
46,46,59,-13,51
38,48,41,7,58
21,30,28,2,25
19,13,37,-24,15
34,38,52,-14,36
46,44,66,-22,45
46,74,77,-3,51
38,50,44,6,58
38,32,59,-27,33
46,77,59,18,72
34,31,65,-34,30
42,33,35,-2,54
34,44,45,-1,46
38,45,48,-3,46
46,43,78,-35,37
42,55,56,-1,52
38,42,48,-6,42
46,85,57,28,80
38,50,44,6,53
46,46,68,-22,51
42,45,61,-16,46
38,39,45,-6,55
38,40,50,-10,47
18,33,20,13,33
6,3,6,-3,4
18,16,29,-13,12
38,45,52,-7,50
38,54,46,8,54
38,69,36,33,78
46,51,67,-16,53
0,0,0,0,0
30,35,36,-1,37
38,45,53,-8,46
36,50,49,1,59
46,44,71,-27,50
42,63,57,6,60
42,59,40,19,72
38,46,48,-2,57
38,53,49,4,54
46,62,50,12,64
38,65,24,41,82
46,60,67,-7,62
38,38,47,-9,42
38,36,63,-27,37
30,33,31,2,45
34,44,59,-15,39
46,47,58,-11,56
34,40,48,-8,40
34,69,59,10,47
38,48,50,-2,47
38,31,59,-28,30
38,64,45,19,67
38,30,66,-36,30
24,36,37,-1,37
38,40,50,-10,44
38,34,51,-17,40
46,49,53,-4,56
34,64,54,10,49
38,23,43,-20,44
28,58,15,43,70
17,24,26,-2,22
34,34,46,-12,31
30,70,17,53,73
34,35,37,-2,47
42,55,83,-28,36
38,54,51,3,52
34,56,44,12,51
34,25,35,-10,40
38,44,55,-11,43
46,78,41,37,97
34,38,42,-4,36
36,68,45,23,70
38,80,34,46,97
30,62,23,39,71
42,51,48,3,53
38,64,34,30,80
38,73,36,37,78
34,53,45,8,47
46,55,62,-7,58
38,42,67,-25,39
38,54,37,17,65
34,29,52,-23,30
38,75,20,55,91
46,62,75,-13,56
38,53,41,12,69
34,38,61,-23,34
34,56,48,8,49
34,37,47,-10,36
38,55,59,-4,55
42,55,38,17,67
42,35,51,-16,52
42,59,50,9,60
46,55,59,-4,52
46,54,62,-8,64
34,39,55,-16,45
38,55,61,-6,48
46,47,64,-17,54
38,41,56,-15,44
34,43,66,-23,29
38,41,68,-27,33
38,44,62,-18,49
38,51,51,0,56
42,41,41,0,57
18,32,18,14,36
46,59,51,8,69
38,35,54,-19,39
38,50,46,4,48
38,34,69,-35,28
34,61,44,17,63
38,52,69,-17,37
46,72,38,34,76
38,34,81,-47,26
38,32,46,-14,44
34,67,54,13,43
38,47,42,5,58
38,39,76,-37,28
38,39,56,-17,41
38,40,60,-20,42
46,66,62,4,65
38,38,46,-8,51
46,70,53,17,72
38,44,54,-10,48
38,55,39,16,66
38,59,53,6,50
30,27,32,-5,37
18,26,23,3,30
25,30,44,-14,23
24,39,33,6,41
36,29,80,-51,15
42,65,34,31,76
46,54,87,-33,54
46,78,51,27,76
38,43,57,-14,45
42,83,37,46,85
38,42,49,-7,44
42,45,56,-11,53
38,87,32,55,85
46,62,64,-2,64
34,56,43,13,55
42,47,37,10,59
46,39,74,-35,43
38,29,54,-25,36
34,46,43,3,49
38,51,53,-2,49
46,53,51,2,58
46,40,77,-37,44
46,35,69,-34,29
38,46,64,-18,41
38,56,49,7,60
46,68,51,17,73
42,29,60,-31,32
36,66,45,21,66
42,66,39,27,78
38,44,42,2,48
38,62,37,25,70
38,20,63,-43,23
42,48,79,-31,34
34,40,45,-5,47
19,17,31,-14,16
46,59,73,-14,61
38,59,52,7,49
44,48,42,6,63
38,57,58,-1,60
38,49,52,-3,40
46,101,35,66,98
42,56,53,3,59
46,58,40,18,79
38,39,51,-12,45
23,23,42,-19,25
18,37,23,14,31
46,87,35,52,101
42,63,51,12,64
46,59,58,1,56
42,57,55,2,63
34,73,22,51,85
28,38,24,14,50
34,29,48,-19,27
38,25,79,-54,18
36,68,27,41,76
34,34,48,-14,31
46,54,53,1,74
26,38,20,18,51
38,42,72,-30,31
46,64,67,-3,58
36,58,29,29,73
38,53,47,6,52
18,20,12,8,36
38,65,26,39,85
42,46,40,6,59
38,38,48,-10,52
34,30,47,-17,31
34,38,87,-49,32
38,52,73,-21,38
38,45,53,-8,49
17,32,33,-1,20
38,37,47,-10,47
34,45,58,-13,37
38,67,46,21,55
42,44,50,-6,54
34,41,50,-9,39
42,76,71,5,57
38,74,33,41,80
38,48,53,-5,44
46,71,49,22,84
30,31,44,-13,34
42,64,66,-2,64
28,38,22,16,52
38,39,56,-17,42
38,54,35,19,70
42,38,41,-3,54
46,80,47,33,86
38,59,33,26,62
38,48,39,9,58
28,34,25,9,51
30,41,38,3,39
46,52,59,-7,52
38,61,55,6,68
38,50,53,-3,54
46,57,66,-9,60
34,42,51,-9,45
38,65,41,24,68
38,55,76,-21,47
34,30,49,-19,26
34,72,44,28,65
34,64,58,6,50
46,66,80,-14,56
38,43,47,-4,42
38,72,39,33,74
46,44,77,-33,39
40,72,41,31,82
38,70,43,27,76
34,30,75,-45,18
38,76,49,27,75
16,14,35,-21,15
46,76,41,35,94
34,49,50,-1,49
36,39,49,-10,40
38,62,47,15,59
42,58,49,9,65
38,63,57,6,60
38,45,70,-25,28
46,58,46,12,67
38,42,73,-31,30
34,43,42,1,49
38,47,57,-10,47
34,53,53,0,52
38,65,31,34,76
46,61,73,-12,57
38,59,51,8,62
38,63,35,28,68
34,29,50,-21,38
38,33,36,-3,42
30,42,26,16,48
42,54,56,-2,51
38,48,66,-18,39
28,22,40,-18,28
34,60,36,24,72
34,68,41,27,65
34,34,52,-18,37
38,43,65,-22,33
38,56,46,10,59
38,49,55,-6,46
34,56,28,28,67
21,24,31,-7,21
34,47,26,21,54
46,62,84,-22,52
34,47,35,12,57
46,59,56,3,76
34,40,54,-14,35
38,64,39,25,65
34,32,45,-13,36
38,42,50,-8,51
46,86,51,35,87
38,45,55,-10,40
38,45,41,4,48
46,72,46,26,85
46,51,57,-6,50
38,60,43,17,63
46,88,55,33,81
18,30,24,6,22
34,33,51,-18,29
38,47,53,-6,49
46,48,46,2,67
38,30,47,-17,40
46,69,39,30,90
38,30,57,-27,29
38,41,48,-7,43
30,27,36,-9,35
34,58,46,12,54
38,59,54,5,51
26,43,32,11,41
32,31,39,-8,37
42,40,59,-19,46
34,50,52,-2,45
38,42,29,13,61
38,37,44,-7,48
46,43,63,-20,33
34,41,57,-16,34
46,39,64,-25,39
34,55,42,13,55
38,51,38,13,58
34,40,46,-6,37
36,43,67,-24,6
38,40,49,-9,46
38,38,48,-10,45
46,54,60,-6,55
38,65,49,16,64
14,19,32,-13,12
38,40,51,-11,40
37,36,40,-4,53
34,36,67,-31,30
34,60,51,9,49
38,37,45,-8,45
46,51,72,-21,43
38,67,41,26,62
30,21,45,-24,26
38,36,49,-13,40
38,66,61,5,46
38,39,57,-18,38
16,21,33,-12,12
38,46,56,-10,51
19,28,30,-2,24
17,26,22,4,25
38,35,76,-41,31
42,40,38,2,54
38,39,67,-28,34
38,41,53,-12,41
42,47,54,-7,53
42,46,53,-7,50
38,36,53,-17,38
28,25,27,-2,39
46,82,73,9,63
34,69,49,20,51
23,27,21,6,34
34,26,60,-34,21
42,90,55,35,83
29,26,30,-4,39
34,31,82,-51,16
38,48,65,-17,42
38,39,60,-21,42
21,26,29,-3,26
42,48,50,-2,57
38,46,45,1,55
34,46,44,2,40
30,58,18,40,74
34,35,59,-24,25
46,47,78,-31,44
34,56,39,17,61
38,34,67,-33,37
38,36,65,-29,30
38,18,57,-39,23
38,70,25,45,87
38,42,37,5,54
38,34,53,-19,34
38,44,44,0,57
42,56,42,14,65
46,54,68,-14,51
46,80,54,26,82
0,0,0,0,0
38,37,52,-15,37
46,66,73,-7,70
34,35,51,-16,38
28,41,38,3,41
38,42,41,1,50
34,39,62,-23,32
38,58,45,13,62
42,47,52,-5,51
34,44,41,3,51
38,39,34,5,53
30,65,20,45,69
30,21,49,-28,24
34,50,65,-15,43
38,40,49,-9,49
34,46,72,-26,33
38,44,61,-17,47
46,51,59,-8,54
17,53,13,40,42
34,52,41,11,50
38,118,38,80,92
34,38,66,-28,26
38,44,61,-17,54
38,37,72,-35,23
38,42,55,-13,42
46,68,70,-2,53
38,26,54,-28,41
34,39,40,-1,49
38,32,50,-18,44
42,41,52,-11,48
38,52,50,2,49
38,50,50,0,61
38,38,53,-15,37
34,47,49,-2,48
34,36,40,-4,45
46,53,58,-5,58
38,85,46,39,81
34,36,50,-14,32
38,45,37,8,64
38,65,47,18,69
42,57,41,16,71
38,58,45,13,62
38,38,44,-6,46
46,31,89,-58,27
46,49,55,-6,52
46,77,64,13,70
38,78,37,41,80
38,21,70,-49,20
42,46,51,-5,47
42,50,37,13,66
38,39,61,-22,37
34,53,41,12,53
38,48,52,-4,53
38,46,59,-13,43
38,63,57,6,53
34,53,45,8,47
46,49,56,-7,61
38,74,31,43,83
46,38,66,-28,46
38,36,22,14,65
38,48,56,-8,46
34,39,34,5,51
38,30,82,-52,20
38,33,39,-6,46
38,67,28,39,84
17,19,33,-14,19
38,45,66,-21,39
26,24,32,-8,27
46,84,56,28,75
38,42,46,-4,52
38,47,56,-9,44
46,46,74,-28,48
38,28,64,-36,24
38,39,56,-17,40
34,36,60,-24,32
30,35,42,-7,42
38,48,62,-14,51
34,63,34,29,64
38,36,42,-6,49
38,39,35,4,58
38,104,38,66,87
38,42,52,-10,41
38,48,47,1,58
46,60,59,1,64
46,78,54,24,89
34,51,50,1,47
38,34,54,-20,40
34,32,56,-24,27
38,56,47,9,62
34,41,55,-14,37
38,47,51,-4,49
34,60,35,25,77
34,23,55,-32,26
46,43,49,-6,60
34,53,32,21,57
42,59,39,20,71
17,30,27,3,26
23,41,17,24,53
34,32,58,-26,31
42,76,45,31,91
38,36,46,-10,45
38,67,58,9,64
46,67,64,3,65
38,45,53,-8,55
46,58,77,-19,52
46,59,57,2,50
38,89,22,67,94
34,34,47,-13,31
34,36,61,-25,28
46,51,62,-11,56
38,66,48,18,66
34,24,41,-17,33
38,44,51,-7,47
42,47,46,1,58
38,40,59,-19,42
34,29,35,-6,44
38,80,31,49,89
34,77,28,49,80
37,36,54,-18,40
40,59,51,8,58
34,79,37,42,70
23,25,31,-6,24
34,47,45,2,47
34,42,45,-3,41
38,51,46,5,61
38,46,52,-6,42
34,52,56,-4,48
38,75,41,34,79
38,61,53,8,62
34,37,37,0,39
38,84,23,61,89
38,38,49,-11,41
34,56,46,10,63
34,50,55,-5,42
38,45,68,-23,41
38,50,53,-3,47
38,50,58,-8,53
34,33,73,-40,28
34,41,44,-3,47
38,46,61,-15,41
34,45,47,-2,40
6,7,7,0,13
38,85,33,52,99
38,40,58,-18,41
38,67,39,28,71
38,61,35,26,70
38,34,41,-7,37
34,58,60,-2,48
38,46,53,-7,40
38,52,50,2,40
30,28,37,-9,32
34,48,41,7,43
28,29,38,-9,30
38,45,45,0,51
46,59,82,-23,46
34,63,48,15,62
34,34,33,1,44
0,0,0,0,0
34,36,42,-6,41
38,36,67,-31,32
34,52,59,-7,41
38,59,38,21,62
34,43,55,-12,35
38,84,36,48,85
46,56,58,-2,81
42,42,52,-10,48
46,60,55,5,66
34,43,54,-11,42
38,33,75,-42,19
38,46,50,-4,47
21,30,20,10,41
38,42,63,-21,43
34,64,44,20,68
38,71,31,40,74
0,0,0,0,0
38,51,35,16,65
38,41,43,-2,55
38,28,53,-25,33
38,54,47,7,60
42,47,36,11,64
38,99,31,68,99
38,62,46,16,67
34,35,50,-15,38
34,54,32,22,67
42,66,55,11,58
46,60,61,-1,62
38,39,51,-12,43
38,44,61,-17,38
34,54,55,-1,49
34,57,58,-1,44
46,57,37,20,85
38,48,63,-15,40
34,80,22,58,81
34,27,50,-23,34
30,33,32,1,35
35,53,36,17,60
34,38,46,-8,39
38,51,58,-7,42
38,36,46,-10,42
38,30,67,-37,21
46,47,58,-11,53
42,41,53,-12,49
34,50,40,10,50
33,20,48,-28,23
38,48,47,1,50
38,94,33,61,89
34,65,34,31,69
38,29,52,-23,30
46,59,58,1,68
17,29,24,5,28
42,36,42,-6,52
46,41,61,-20,51
38,40,63,-23,39
34,49,49,0,51
22,29,24,5,39
42,46,56,-10,51
30,33,42,-9,28
38,53,34,19,66
30,30,50,-20,27
38,56,48,8,56
34,53,38,15,52
38,52,54,-2,52
42,85,44,41,83
34,47,49,-2,42
28,28,30,-2,34
46,48,77,-29,45
38,50,56,-6,42
34,31,56,-25,32
38,43,70,-27,33
26,36,37,-1,38
46,65,58,7,68
34,43,48,-5,39
34,35,49,-14,40
38,57,42,15,66
38,40,45,-5,50
38,48,47,1,54
38,37,54,-17,42
38,46,51,-5,46
36,56,90,-34,30
38,44,57,-13,42
38,38,58,-20,44
42,54,63,-9,51
46,46,69,-23,46
38,40,46,-6,45
36,50,46,4,55
34,37,45,-8,37
34,45,38,7,51
46,54,55,-1,68
30,41,49,-8,34
34,32,48,-16,41
34,42,67,-25,31
38,57,58,-1,49
30,32,41,-9,36
38,33,77,-44,26
30,42,49,-7,37
34,60,40,20,62
34,51,50,1,44
38,47,52,-5,48
38,46,46,0,49
42,40,45,-5,53
38,34,57,-23,31
34,54,35,19,50
28,31,34,-3,32
38,37,56,-19,40
38,33,50,-17,40
37,44,39,5,55
38,36,33,3,51
46,61,61,0,56
46,57,60,-3,75
38,58,46,12,59
38,28,68,-40,27
34,58,46,12,55
46,57,70,-13,46
40,54,43,11,65
36,57,38,19,43
38,54,54,0,42
46,54,75,-21,50
38,42,49,-7,42
38,47,69,-22,41
34,42,40,2,45
46,31,44,-13,53
46,48,58,-10,55
17,18,16,2,31
38,38,67,-29,35
38,45,40,5,54
42,57,37,20,68
34,46,49,-3,50
30,32,29,3,45
34,92,38,54,71
36,42,71,-29,33
38,56,45,11,59
46,76,58,18,73
38,55,40,15,62
38,48,34,14,60
38,53,60,-7,51
38,71,43,28,61
46,73,54,19,76
34,51,44,7,52
46,66,45,21,74
46,52,70,-18,51
38,67,41,26,70
34,33,62,-29,25
38,59,40,19,70
46,65,69,-4,60
38,41,57,-16,44
34,42,63,-21,32
36,29,56,-27,31
38,73,31,42,84
38,45,46,-1,45
30,43,31,12,53
38,50,38,12,63
34,31,40,-9,41
30,33,20,13,50
38,56,38,18,66
34,46,34,12,52
38,44,71,-27,34
42,42,55,-13,51
34,41,36,5,42
38,56,44,12,61
42,49,50,-1,55
38,64,45,19,68
38,43,50,-7,54
38,38,51,-13,44
42,58,62,-4,52
30,27,57,-30,22
38,40,60,-20,44
38,52,48,4,62
38,38,57,-19,37
34,64,56,8,49
34,46,47,-1,38
38,61,47,14,59
38,37,46,-9,47
42,46,48,-2,62
38,49,57,-8,48
46,69,53,16,72
38,47,73,-26,39
34,59,31,28,58
38,48,48,0,55
34,46,42,4,65
46,77,35,42,93
18,21,37,-16,21
42,44,41,3,52
38,89,35,54,91
38,44,47,-3,47
28,22,58,-36,13
46,66,59,7,67
46,62,54,8,70
34,57,52,5,50
42,38,50,-12,32
38,39,47,-8,46
34,74,29,45,80
46,41,65,-24,44
38,99,29,70,93
38,102,37,65,86
42,60,42,18,69
38,50,54,-4,52
42,85,62,23,71
38,35,68,-33,33
34,30,39,-9,38
38,52,55,-3,52
34,27,66,-39,14
34,39,47,-8,44
30,41,38,3,46
30,31,42,-11,37
38,28,56,-28,32
46,50,62,-12,66
42,45,46,-1,55
38,67,48,19,64
38,45,55,-10,44
42,52,51,1,55
34,37,40,-3,48
30,24,22,2,36
42,48,38,10,67
38,39,46,-7,46
38,43,51,-8,42
38,68,36,32,81
38,39,49,-10,38
38,68,37,31,72
42,49,64,-15,50
46,61,73,-12,52
38,78,33,45,76
38,82,33,49,79
38,41,56,-15,46
17,13,28,-15,15
38,37,55,-18,37
38,37,35,2,46
42,64,40,24,68
17,16,36,-20,13
36,81,29,52,83
34,29,69,-40,22
30,35,33,2,40
38,36,44,-8,41
34,36,43,-7,36
6,8,5,3,11
38,45,53,-8,44
38,45,46,-1,50
38,58,40,18,65
34,47,58,-11,38
34,39,40,-1,46
46,45,57,-12,56
38,48,42,6,56
17,25,43,-18,11
46,60,55,5,65
38,30,35,-5,56
36,50,63,-13,41
36,32,63,-31,29
38,39,54,-15,41
36,110,35,75,80
38,56,50,6,52
42,37,80,-43,19
34,37,42,-5,40
34,36,53,-17,38
42,35,46,-11,49
38,62,39,23,63
38,71,31,40,81
42,57,50,7,66
38,46,64,-18,52
21,20,31,-11,18
18,28,23,5,33
38,57,50,7,61
46,53,79,-26,50
38,43,39,4,50
0,0,0,0,0
34,88,22,66,88
46,52,55,-3,57
38,68,45,23,62
37,50,40,10,57
46,53,81,-28,40
38,48,59,-11,45
38,47,58,-11,48
34,35,43,-8,36
46,58,68,-10,61
42,23,36,-13,35
38,33,56,-23,29
38,42,44,-2,51
20,23,28,-5,26
46,77,48,29,87
36,87,42,45,80
40,58,45,13,60
34,42,51,-9,36
34,45,29,16,55
6,6,8,-2,7
38,48,74,-26,36
38,36,57,-21,39
42,65,63,2,57
38,57,61,-4,47
36,55,49,6,52
46,57,54,3,59
38,54,48,6,62
34,65,42,23,60
38,28,83,-55,18
42,46,78,-32,37
38,56,44,12,52
34,31,48,-17,40
38,42,57,-15,45
34,38,45,-7,41
34,61,40,21,60
46,64,62,2,65
42,48,61,-13,50
42,33,53,-20,43
38,46,68,-22,41
33,25,38,-13,24
36,55,55,0,48
5,1,4,-3,6
42,59,40,19,69
38,38,60,-22,36
38,63,56,7,55
5,7,4,3,10
38,34,36,-2,41
46,58,66,-8,56
34,57,55,2,45
38,39,51,-12,41
38,34,54,-20,36
38,50,46,4,58
38,28,54,-26,41
42,54,28,26,82
34,43,47,-4,38
30,42,43,-1,41
38,48,37,11,58
34,52,41,11,55
26,25,36,-11,23
38,42,79,-37,38
34,27,53,-26,28
34,55,58,-3,48
34,34,76,-42,24
34,38,48,-10,43
46,42,64,-22,51
38,49,45,4,54
38,37,41,-4,44
38,28,63,-35,27
42,48,63,-15,56
30,34,36,-2,35
38,33,40,-7,49
34,64,49,15,52
46,49,61,-12,55
38,33,47,-14,43
30,29,42,-13,34
30,25,38,-13,35
46,58,50,8,69
42,49,51,-2,52
38,73,58,15,60
34,48,46,2,49
38,77,38,39,78
36,66,42,24,65
42,62,45,17,76
34,32,41,-9,34
42,40,58,-18,44
46,77,53,24,75
38,41,73,-32,30
38,51,41,10,63
46,64,77,-13,50
34,39,62,-23,32
38,40,52,-12,47
36,45,71,-26,41
38,44,40,4,51
36,40,56,-16,43
16,14,21,-7,16
46,49,46,3,60
42,39,47,-8,54
34,49,54,-5,41
38,81,28,53,92
46,43,77,-34,47
46,67,45,22,76
42,60,41,19,78
17,13,36,-23,12
38,35,58,-23,35
38,34,34,0,53
34,30,44,-14,36
46,48,82,-34,45
46,38,59,-21,52
38,48,62,-14,42
38,49,38,11,64
42,37,62,-25,33
34,36,66,-30,26
46,60,59,1,66
38,40,43,-3,50
38,40,46,-6,44
34,63,50,13,60
46,72,67,5,65
34,33,59,-26,30
46,80,52,28,90
30,23,36,-13,35
34,34,41,-7,35
38,39,77,-38,25
38,51,42,9,63
30,36,47,-11,40
34,66,40,26,65
38,33,38,-5,50
38,52,72,-20,39
37,32,52,-20,27
46,49,77,-28,41
34,36,65,-29,19
38,47,56,-9,47
34,53,31,22,72
34,44,52,-8,44
34,58,48,10,47
46,39,69,-30,43
38,52,49,3,59
42,50,52,-2,50
46,64,69,-5,60
46,52,52,0,56
34,45,55,-10,45
34,35,49,-14,36
42,43,61,-18,44
34,49,57,-8,43
34,40,38,2,44
18,24,13,11,31
38,39,54,-15,34
46,58,62,-4,63
46,69,64,5,61
38,39,61,-22,38
38,30,50,-20,40
38,44,35,9,64
46,69,44,25,73
42,53,34,19,67
38,48,37,11,62
38,55,46,9,55
38,38,62,-24,37
42,46,54,-8,44
38,58,53,5,62
15,22,15,7,26
38,52,51,1,54
38,66,47,19,64
30,42,26,16,54
34,37,41,-4,42
38,41,70,-29,32
28,28,37,-9,36
38,46,49,-3,48
34,45,51,-6,39
46,82,61,21,76
38,41,55,-14,47
38,56,33,23,67
38,49,37,12,65
46,71,56,15,77
38,49,43,6,57
34,60,32,28,64
34,75,35,40,79
42,43,56,-13,44
38,35,30,5,55
34,47,55,-8,44
38,53,39,14,68
30,28,36,-8,32
38,49,35,14,66
38,34,75,-41,30
38,36,60,-24,46
38,65,44,21,65
46,78,55,23,71
34,44,44,0,50
38,41,58,-17,44
38,95,21,74,96
38,53,36,17,71
35,44,46,-2,42
34,44,53,-9,41
46,66,53,13,71
42,41,46,-5,52
38,41,64,-23,39
34,37,29,8,51
46,58,70,-12,53
38,38,58,-20,38
30,14,62,-48,4
38,39,52,-13,40
38,48,71,-23,38
38,29,60,-31,32
38,48,41,7,54
38,32,83,-51,13
38,36,43,-7,47
34,66,48,18,54
38,47,58,-11,42
34,49,57,-8,32
34,43,62,-19,27
38,43,66,-23,39
37,45,47,-2,44
42,61,40,21,72
38,38,45,-7,43
34,36,52,-16,39
38,62,51,11,60
46,63,66,-3,58
30,36,37,-1,43
34,38,53,-15,38
30,22,42,-20,22
46,69,50,19,75
42,39,44,-5,53
38,36,36,0,47
40,64,52,12,60
38,46,51,-5,46
34,33,58,-25,33
38,107,31,76,95
14,19,11,8,28
38,45,81,-36,24
38,45,49,-4,59
42,48,50,-2,54
38,89,49,40,72
38,62,54,8,59
38,45,48,-3,48
34,33,54,-21,27
34,51,69,-18,36
46,44,75,-31,37
34,30,42,-12,35
42,47,51,-4,53
38,50,41,9,61
34,35,47,-12,41
42,56,27,29,74
37,36,37,-1,45
38,74,34,40,75
46,75,36,39,97
46,59,60,-1,57
36,80,38,42,73
38,81,36,45,82
38,71,24,47,87
34,66,39,27,67
34,62,37,25,61
34,45,69,-24,39
34,38,48,-10,42
46,82,56,26,80
34,44,64,-20,28
34,80,41,39,69
46,53,45,8,69
38,27,53,-26,33
38,52,41,11,53
34,40,63,-23,36
38,33,54,-21,37
20,20,25,-5,22
46,85,40,45,94
38,40,34,6,50
38,49,53,-4,48
46,67,46,21,76
46,72,45,27,87
46,66,86,-20,50
38,39,51,-12,42
46,60,66,-6,58
38,77,20,57,87
38,71,42,29,70
42,51,64,-13,48
38,52,35,17,71
34,40,56,-16,38
28,28,33,-5,39
42,61,44,17,71
38,26,54,-28,29
38,39,38,1,50
34,56,50,6,49
38,42,77,-35,32
15,19,20,-1,22
42,52,44,8,63
38,50,31,19,67
34,51,71,-20,32
42,39,40,-1,54
38,43,75,-32,21
34,56,40,16,51
42,48,51,-3,60
34,65,52,13,55
38,29,49,-20,34
19,17,32,-15,10
38,46,66,-20,40
38,49,56,-7,52
42,53,45,8,61
34,47,34,13,50
38,50,52,-2,50
34,35,71,-36,31
46,64,59,5,62
34,38,49,-11,41
18,32,12,20,40
34,50,35,15,55
30,58,23,35,70
34,67,65,2,38
38,26,55,-29,33
34,84,41,43,69
46,54,63,-9,58
30,47,32,15,52
46,65,52,13,69
46,63,31,32,89
38,42,43,-1,54
34,42,53,-11,48
46,60,50,10,59
38,64,38,26,72
40,38,77,-39,28
38,52,54,-2,45
46,79,56,23,77
42,28,53,-25,44
46,48,51,-3,59
38,33,43,-10,41
46,57,51,6,68
46,51,64,-13,52
38,36,45,-9,44
38,39,62,-23,38
42,54,66,-12,49
36,35,67,-32,37
42,50,55,-5,55
34,42,59,-17,36
34,32,49,-17,39
38,38,47,-9,43
46,62,55,7,65
36,49,51,-2,44
38,40,82,-42,25
38,41,37,4,53
38,42,41,1,53
38,47,48,-1,46
38,77,29,48,91
38,58,63,-5,46
46,40,63,-23,46
16,20,22,-2,20
38,46,52,-6,40
38,65,34,31,84
42,57,37,20,72
46,65,56,9,69
38,54,40,14,61
30,27,46,-19,28
34,60,29,31,74
38,42,63,-21,39
34,48,39,9,53
46,70,70,0,49
38,48,52,-4,52
34,39,41,-2,48
38,39,51,-12,45
38,47,61,-14,45
38,47,39,8,57
34,47,60,-13,44
38,68,30,38,76
30,37,21,16,50
40,35,52,-17,41
38,48,70,-22,38
46,79,59,20,75
37,37,40,-3,41
38,28,75,-47,33
38,48,58,-10,50
38,33,84,-51,21
38,45,37,8,52
30,73,16,57,84
38,39,64,-25,43
30,40,44,-4,41
34,47,57,-10,38
42,52,40,12,67
38,42,58,-16,40
18,16,19,-3,23
34,97,37,60,77
46,62,83,-21,52
38,50,46,4,60
38,35,49,-14,38
38,23,74,-51,26
38,46,34,12,63
38,37,56,-19,41
38,31,55,-24,35
38,72,44,28,70
38,50,30,20,72
21,43,32,11,24
34,43,60,-17,39
38,79,44,35,85
34,27,34,-7,37
36,43,53,-10,42
34,66,40,26,60
38,40,68,-28,40
42,48,47,1,48
29,64,19,45,67
38,38,35,3,48
38,46,47,-1,49
46,48,72,-24,44
36,48,51,-3,42
46,59,67,-8,50
34,36,45,-9,43
36,26,58,-32,33
38,53,38,15,65
34,32,56,-24,36
46,55,59,-4,53
32,41,45,-4,40
46,61,47,14,75
38,48,56,-8,44
34,43,50,-7,36
30,31,36,-5,42
42,57,65,-8,51
38,37,59,-22,38
38,43,45,-2,46
38,41,49,-8,43
42,44,36,8,68
38,66,73,-7,44
38,68,29,39,84
38,37,56,-19,36
42,51,32,19,73
34,30,41,-11,37
38,34,42,-8,42
42,38,51,-13,46
38,94,44,50,76
38,41,44,-3,44
46,62,45,17,70
34,65,42,23,72
34,52,52,0,45
0,0,0,0,0
46,60,62,-2,64
46,52,64,-12,53
46,55,65,-10,54
46,35,62,-27,40
36,57,39,18,57
42,42,50,-8,45
38,49,44,5,51
30,27,36,-9,35
46,62,61,1,62
33,38,35,3,44
18,26,15,11,34
29,25,49,-24,23
36,46,55,-9,41
38,37,79,-42,36
42,57,50,7,60
38,62,53,9,56
46,46,67,-21,46
44,67,51,16,66
34,37,49,-12,43
34,48,45,3,42
38,22,79,-57,20
38,36,50,-14,43
22,22,32,-10,21
42,43,61,-18,40
38,77,27,50,86
18,29,25,4,26
38,49,58,-9,42
38,36,42,-6,42
34,43,59,-16,35
46,63,68,-5,67
34,50,56,-6,45
46,61,52,9,79
28,44,44,0,40
38,44,51,-7,49
34,35,48,-13,41
46,59,62,-3,66
38,38,51,-13,38
38,45,45,0,50
34,50,43,7,46
38,35,41,-6,43
42,48,50,-2,56
34,39,34,5,49
42,48,41,7,56
38,49,54,-5,47
38,59,53,6,64
38,41,50,-9,46
46,54,60,-6,60
38,46,50,-4,47
34,51,75,-24,27
38,31,47,-16,43
46,54,71,-17,52
46,57,54,3,62
17,25,30,-5,27
34,39,25,14,56
34,33,44,-11,37
38,44,56,-12,42
18,20,18,2,25
46,59,60,-1,59
34,35,49,-14,37
38,54,39,15,65
38,36,39,-3,54
36,47,57,-10,41
38,30,54,-24,39
38,37,52,-15,38
34,50,39,11,56
38,48,59,-11,47
38,38,47,-9,48
38,36,48,-12,46
38,40,62,-22,39
46,60,65,-5,63
46,47,65,-18,50
38,51,62,-11,53
34,33,51,-18,33
38,53,47,6,62
34,30,39,-9,46
34,74,33,41,74
38,49,45,4,57
38,34,45,-11,35
21,16,32,-16,14
38,33,49,-16,44
46,49,72,-23,43
42,43,47,-4,53
38,46,50,-4,48
38,93,31,62,86
34,37,42,-5,38
46,58,42,16,71
34,35,60,-25,34
46,59,70,-11,51
38,64,61,3,63
34,42,54,-12,41
20,28,26,2,24
38,77,51,26,70
19,18,29,-11,19
38,34,77,-43,23
38,55,78,-23,39
38,22,76,-54,16
38,45,92,-47,23
34,80,38,42,71
38,86,41,45,82
38,29,49,-20,30
34,43,55,-12,44
38,68,38,30,73
34,37,53,-16,38
46,50,71,-21,49
38,48,60,-12,45
34,50,30,20,58
38,34,40,-6,47
46,44,59,-15,50
38,62,39,23,60
34,61,47,14,54
38,47,37,10,55
34,54,34,20,65
38,31,52,-21,38
38,39,44,-5,43
42,56,49,7,60
42,73,40,33,84
30,35,30,5,45
38,41,58,-17,31
46,50,55,-5,56
46,62,55,7,69
32,57,33,24,56
36,40,70,-30,39
38,34,60,-26,34
38,38,60,-22,36
38,49,65,-16,41
30,35,55,-20,23
34,50,59,-9,36
46,58,62,-4,61
38,46,41,5,60
34,49,31,18,62
42,55,64,-9,54
28,27,32,-5,35
46,66,54,12,74
38,42,53,-11,46
34,84,55,29,67
38,62,32,30,80
46,56,81,-25,42
36,46,65,-19,37
28,27,26,1,34
42,51,59,-8,51
34,30,52,-22,30
38,31,51,-20,35
38,54,55,-1,46
30,35,30,5,50
34,50,62,-12,34
38,71,24,47,91
34,45,56,-11,43
46,61,78,-17,47
46,55,81,-26,48
34,42,63,-21,34
46,64,62,2,65
42,45,46,-1,54
38,58,33,25,69
38,72,25,47,85
38,42,51,-9,43
38,47,37,10,61
38,59,43,16,66
38,18,62,-44,20
42,57,57,0,57
34,50,75,-25,33
46,40,61,-21,41
25,37,27,10,38
38,60,41,19,65
38,34,66,-32,32
30,45,33,12,46
38,51,39,12,59
34,51,33,18,54
34,46,47,-1,52
42,32,43,-11,50
46,84,52,32,85
46,58,53,5,67
38,55,36,19,68
42,44,49,-5,51
38,55,56,-1,56
46,62,72,-10,51
38,44,54,-10,44
46,49,75,-26,37
38,60,60,0,48
37,38,47,-9,41
42,67,48,19,76
46,82,59,23,76
46,73,62,11,72
38,53,46,7,55
36,54,37,17,62
34,82,18,64,88
38,40,94,-54,22
28,26,21,5,41
46,72,54,18,78
34,57,44,13,63
38,41,45,-4,47
23,18,20,-2,31
34,38,60,-22,38
34,49,58,-9,33
34,36,39,-3,44
46,68,68,0,62
34,50,54,-4,37
34,36,48,-12,31
34,45,49,-4,45
34,40,59,-19,38
46,59,54,5,66
30,24,41,-17,29
38,34,58,-24,34
46,57,56,1,66
38,40,49,-9,46
46,59,55,4,64
34,52,34,18,59
42,58,42,16,73
42,39,64,-25,33
34,41,49,-8,37
34,27,50,-23,29
38,40,45,-5,55
34,75,46,29,64
38,62,41,21,72
38,46,45,1,58
34,42,47,-5,39
38,48,59,-11,44
38,50,58,-8,43
38,51,53,-2,52
38,69,35,34,70
34,53,51,2,46
38,45,42,3,54
38,46,56,-10,46
38,37,54,-17,41
46,58,73,-15,53
18,15,38,-23,5
42,62,49,13,71
42,44,67,-23,28
38,95,30,65,93
46,73,35,38,91
38,44,58,-14,49
34,46,61,-15,36
23,25,47,-22,15
42,69,37,32,82
38,31,60,-29,34
38,85,62,23,60
38,44,30,14,60
20,17,27,-10,23
38,49,31,18,69
34,37,64,-27,36
34,38,60,-22,33
46,42,79,-37,34
28,33,34,-1,34
38,59,43,16,63
0,0,0,0,0
36,63,42,21,63
38,39,61,-22,44
38,47,51,-4,48
34,35,51,-16,31
38,47,51,-4,46
46,79,53,26,84
38,40,38,2,50
38,51,30,21,69
34,41,50,-9,38
42,38,53,-15,47
38,73,45,28,67
34,50,50,0,43
38,40,61,-21,41
38,31,51,-20,36
34,72,37,35,73
38,46,62,-16,45
46,48,70,-22,44
46,47,64,-17,54
38,82,35,47,79
34,44,66,-22,41
38,33,48,-15,46
38,41,64,-23,38
46,58,75,-17,55
42,50,39,11,69
38,26,48,-22,31
42,49,51,-2,51
34,53,40,13,50
46,51,61,-10,58
34,37,54,-17,33
26,33,30,3,37
38,42,40,2,45
42,42,43,-1,50
34,36,42,-6,38
46,64,52,12,72
38,41,43,-2,51
38,49,60,-11,41
34,67,32,35,75
46,56,73,-17,60
46,92,47,45,100
38,56,43,13,59
38,36,50,-14,42
38,62,43,19,68
28,27,35,-8,34
38,43,42,1,54
38,52,32,20,66
17,46,15,31,43
42,65,51,14,66
34,46,47,-1,47
46,73,49,24,81
38,42,77,-35,33
46,40,70,-30,38
38,72,15,57,95
38,84,17,67,92
38,34,52,-18,32
42,51,60,-9,52
38,38,72,-34,30
34,30,58,-28,29
42,52,58,-6,51
38,49,67,-18,32
46,77,56,21,74
28,27,38,-11,25
38,55,42,13,54
42,51,40,11,64
38,41,57,-16,41
38,45,57,-12,49
38,31,63,-32,32
38,29,48,-19,38
38,46,63,-17,36
46,87,48,39,98
38,61,38,23,67
38,37,60,-23,34
30,23,37,-14,31
42,60,53,7,56
42,61,34,27,71
34,49,44,5,51
38,39,30,9,63
38,34,36,-2,42
46,72,42,30,83
46,63,58,5,64
38,37,56,-19,41
42,37,53,-16,45
38,47,48,-1,54
46,53,60,-7,56
38,49,66,-17,45
34,39,56,-17,38
17,12,21,-9,14
38,43,45,-2,60
38,46,51,-5,52
38,48,43,5,49
38,34,60,-26,35
38,90,36,54,87
32,24,49,-25,21
46,60,62,-2,59
38,41,55,-14,49
42,49,35,14,68
34,47,37,10,48
38,37,57,-20,38
37,38,32,6,51
34,45,52,-7,45
34,40,46,-6,39
34,37,39,-2,43
34,30,65,-35,28
38,45,39,6,52
38,49,44,5,62
46,53,60,-7,56
46,65,47,18,75
38,36,59,-23,40
19,10,37,-27,12
38,46,54,-8,52
46,70,33,37,90
38,31,65,-34,31
17,22,25,-3,22
38,29,54,-25,33
42,37,43,-6,50
34,48,47,1,51
34,100,32,68,82
42,43,51,-8,47
34,49,44,5,55
38,57,43,14,61
30,35,53,-18,31
34,77,39,38,65
38,52,53,-1,55
38,41,60,-19,38
38,51,70,-19,38
42,71,28,43,82
38,42,69,-27,37
38,36,49,-13,34
38,49,57,-8,49
38,39,50,-11,42
34,34,38,-4,40
30,24,49,-25,30
38,40,39,1,45
38,35,42,-7,50
38,56,57,-1,46
38,43,73,-30,28
34,20,48,-28,23
38,33,42,-9,43
46,54,58,-4,55
34,71,32,39,74
42,55,59,-4,56
38,58,37,21,64
34,43,34,9,48
46,50,61,-11,56
38,55,61,-6,49
38,37,67,-30,36
38,29,52,-23,35
34,45,39,6,53
34,42,52,-10,36
38,40,62,-22,29
42,68,46,22,69
30,24,34,-10,34
38,40,49,-9,46
38,76,33,43,74
34,46,42,4,50
34,62,37,25,63
38,34,47,-13,44
34,48,36,12,55
38,43,37,6,54
38,58,44,14,65
34,41,47,-6,41
42,57,50,7,68
46,66,68,-2,63
38,58,48,10,49
42,52,71,-19,40
46,70,67,3,58
42,50,56,-6,53
42,63,59,4,55
38,69,37,32,74
46,49,98,-49,26
34,53,46,7,50
38,106,41,65,93
38,39,46,-7,42
42,73,46,27,64
46,62,53,9,70
38,44,48,-4,47
38,58,45,13,62
46,39,57,-18,52
46,59,50,9,70
34,57,35,22,62
34,71,44,27,56
38,41,47,-6,47
34,43,46,-3,41
42,42,43,-1,50
38,52,44,8,57
38,44,58,-14,46
38,69,26,43,85
36,86,50,36,74
46,63,56,7,61
20,34,28,6,36
34,78,30,48,74
46,63,73,-10,56
46,37,45,-8,52
38,48,40,8,57
38,40,48,-8,42
34,30,65,-35,21
38,34,64,-30,29
46,49,71,-22,47
38,54,54,0,55
38,60,57,3,51
19,34,12,22,44
38,49,60,-11,45
38,26,59,-33,29
37,55,31,24,69
34,47,40,7,58
34,54,63,-9,46
46,101,44,57,91
30,23,44,-21,23
46,52,55,-3,57
34,58,27,31,65
34,34,40,-6,44
34,47,45,2,45
34,57,39,18,61
34,48,34,14,53
38,29,57,-28,26
38,38,48,-10,47
34,34,60,-26,33
38,52,85,-33,26
34,54,46,8,47
34,41,36,5,52
38,37,42,-5,53
38,43,59,-16,40
46,69,54,15,74
38,80,23,57,102
38,43,25,18,69
38,24,37,-13,38
42,59,56,3,55
5,7,4,3,11
34,30,60,-30,19
38,31,61,-30,33
34,36,49,-13,38
30,23,28,-5,35
38,70,32,38,84
42,58,54,4,57
34,71,38,33,66
46,43,69,-26,45
38,68,24,44,83
46,52,74,-22,39
46,60,66,-6,54
42,49,49,0,51
46,52,83,-31,40
42,52,43,9,71
34,68,44,24,55
34,47,46,1,47
38,62,50,12,62
38,49,58,-9,44
38,47,50,-3,55
34,52,34,18,67
38,37,51,-14,45
46,61,66,-5,61
38,65,48,17,59
46,61,73,-12,50
34,38,39,-1,40
19,18,29,-11,13
38,105,35,70,87
46,68,73,-5,60
38,89,33,56,89
42,33,66,-33,34
34,38,43,-5,37
42,46,30,16,72
38,24,60,-36,22
42,59,59,0,64
42,66,68,-2,58
38,33,51,-18,44
34,56,65,-9,43
42,48,49,-1,55
34,52,54,-2,43
38,34,67,-33,30
38,28,58,-30,30
34,54,40,14,58
38,45,41,4,48
46,63,69,-6,61
38,54,68,-14,46
42,43,53,-10,50
38,36,68,-32,24
34,68,42,26,67
42,50,54,-4,51
34,67,22,45,75
38,43,46,-3,52
38,53,40,13,59
38,43,55,-12,42
36,44,50,-6,52
46,45,64,-19,53
38,47,45,2,46
46,70,47,23,75
38,52,43,9,59
42,49,56,-7,49
38,45,52,-7,47
38,54,32,22,68
30,41,39,2,39
38,22,68,-46,20
42,62,28,34,86
34,77,22,55,73
42,37,52,-15,47
38,72,43,29,68
38,39,35,4,57
38,48,35,13,63
46,37,89,-52,27
34,62,36,26,58
38,55,46,9,56
38,37,53,-16,38
23,44,18,26,47
34,45,45,0,42
46,106,43,63,90
34,36,48,-12,33
42,49,28,21,71
30,21,45,-24,24
40,62,53,9,61
38,57,37,20,59
38,51,48,3,52
34,72,31,41,70
34,48,50,-2,41
46,81,48,33,86
42,79,47,32,81
34,69,30,39,71
38,44,50,-6,45
38,59,41,18,58
36,36,67,-31,35
34,50,49,1,49
38,52,47,5,56
46,42,63,-21,50
38,29,69,-40,22
38,49,49,0,58
34,33,42,-9,38
30,78,20,58,76
42,52,59,-7,59
38,38,45,-7,42
34,43,45,-2,52
38,74,37,37,79
17,27,27,0,22
23,21,23,-2,27
38,66,35,31,76
46,57,87,-30,45
46,52,47,5,65
34,44,49,-5,48
34,81,42,39,66
38,56,34,22,69
42,52,29,23,79
38,61,33,28,77
42,55,56,-1,52
34,38,64,-26,31
42,41,58,-17,42
38,29,48,-19,43
34,55,39,16,54
46,47,80,-33,42
46,67,67,0,58
34,58,61,-3,46
38,38,64,-26,36
46,62,36,26,81
46,50,42,8,67
46,64,53,11,74
42,60,47,13,66
38,34,63,-29,28
38,47,51,-4,48
38,34,54,-20,32
38,62,38,24,70
38,44,30,14,66
38,62,36,26,69
34,39,40,-1,41
46,54,58,-4,62
32,30,32,-2,42
34,44,26,18,59
46,56,66,-10,59
34,29,56,-27,28
46,64,46,18,80
38,43,39,4,59
30,25,56,-31,19
38,58,56,2,56
46,47,81,-34,38
38,62,44,18,61
38,31,62,-31,31
38,68,36,32,76
42,61,36,25,82
46,57,56,1,47
34,35,50,-15,39
46,75,51,24,83
42,40,53,-13,44
38,56,60,-4,47
38,56,51,5,54
38,38,32,6,57
46,59,64,-5,60
38,37,42,-5,45
42,57,57,0,51
46,49,59,-10,56
34,52,49,3,52
34,50,36,14,66
42,48,48,0,55
42,78,40,38,85
38,63,40,23,68
32,31,33,-2,38
34,25,48,-23,34
38,41,32,9,57
38,64,51,13,64
30,31,54,-23,25
38,42,73,-31,37
28,38,25,13,44
30,54,15,39,68
38,42,45,-3,48
38,42,33,9,55
38,38,54,-16,37
17,31,30,1,22
38,35,54,-19,42
46,48,60,-12,51
30,30,31,-1,47
46,41,65,-24,40
36,59,46,13,62
38,41,46,-5,41
42,57,28,29,83
34,34,42,-8,39
38,26,69,-43,15
38,108,29,79,93
38,38,45,-7,46
46,72,60,12,76
38,27,53,-26,28
34,49,50,-1,46
34,74,13,61,82
34,55,50,5,51
34,34,50,-16,37
46,55,40,15,80
34,49,58,-9,45
34,29,51,-22,31
38,35,46,-11,37
34,55,39,16,58
46,64,58,6,52
38,42,50,-8,42
34,37,74,-37,20
38,46,44,2,56
38,44,48,-4,47
38,36,60,-24,35
34,38,53,-15,43
17,40,11,29,40
6,8,6,2,9
38,57,47,10,53
38,75,49,26,64
38,56,37,19,73
38,60,39,21,70
38,27,67,-40,15
34,27,47,-20,35
38,47,39,8,52
38,49,62,-13,45
30,32,34,-2,35
38,38,40,-2,47
46,49,52,-3,63
46,50,55,-5,56
38,34,49,-15,41
38,41,47,-6,45
17,41,23,18,38
30,30,35,-5,35
34,100,42,58,82
38,39,51,-12,40
42,32,42,-10,48
34,46,48,-2,47
38,40,53,-13,42
38,57,59,-2,52
34,46,59,-13,42
46,106,75,31,79
18,22,22,0,27
34,53,55,-2,41
38,44,55,-11,41
38,37,69,-32,26
38,53,44,9,60
46,55,70,-15,52
38,50,39,11,57
34,54,49,5,51
42,65,45,20,70
34,49,50,-1,46
34,37,46,-9,42
30,27,45,-18,28
42,44,51,-7,48
38,75,36,39,78
34,63,54,9,54
42,59,60,-1,49
38,46,53,-7,48
38,88,29,59,93
38,54,44,10,61
34,66,35,31,71
30,41,41,0,39
42,64,40,24,74
38,34,41,-7,47
34,49,50,-1,45
38,51,47,4,56
34,35,70,-35,22
46,66,59,7,55
46,50,65,-15,50
38,37,46,-9,43
38,30,44,-14,42
34,34,35,-1,48
34,49,50,-1,44
46,58,79,-21,50
34,33,53,-20,33
42,61,45,16,80
38,56,59,-3,43
38,47,47,0,45
38,39,46,-7,45
38,38,64,-26,31
38,40,51,-11,47
38,63,38,25,71
38,37,67,-30,30
38,69,40,29,71
38,50,66,-16,53
42,61,38,23,71
38,29,64,-35,35
38,46,65,-19,46
38,53,48,5,55
36,39,47,-8,38
38,40,59,-19,34
38,39,41,-2,45
46,67,42,25,86
42,58,29,29,84
42,60,44,16,72
38,61,56,5,56
38,27,77,-50,20
34,43,34,9,52
38,36,46,-10,52
42,40,55,-15,50
38,44,43,1,58
42,46,57,-11,51
38,35,40,-5,50
38,25,75,-50,17
34,35,68,-33,29
38,47,34,13,68
38,57,61,-4,47
38,41,54,-13,39
38,55,48,7,53
34,71,19,52,76
42,46,56,-10,50
38,84,26,58,89
38,47,54,-7,54
38,43,43,0,48
34,51,50,1,50
38,47,56,-9,47
38,52,37,15,65
38,64,26,38,80
38,43,52,-9,44
22,25,16,9,38
30,28,42,-14,30
46,42,44,-2,61
30,35,42,-7,41
30,21,44,-23,23
34,69,59,10,48
46,72,38,34,74
38,50,61,-11,44
42,38,69,-31,35
46,65,41,24,82
38,37,56,-19,35
46,62,60,2,61
34,47,55,-8,47
46,78,41,37,89
38,76,61,15,68
34,37,49,-12,40
38,63,36,27,78
38,40,49,-9,45
38,35,32,3,47
34,33,59,-26,32
38,51,55,-4,47
38,35,42,-7,44
38,51,44,7,53
38,31,49,-18,46
38,49,44,5,54
34,37,55,-18,33
38,67,37,30,73
30,20,35,-15,36
42,52,47,5,63
38,40,67,-27,31
38,58,55,3,56
42,45,55,-10,48
34,35,60,-25,31
38,48,51,-3,43
38,27,46,-19,36
38,92,13,79,102
46,59,65,-6,57
42,49,63,-14,51
42,45,63,-18,41
34,57,48,9,49
36,36,52,-16,42
46,70,56,14,71
38,69,39,30,68
38,70,54,16,63
32,50,41,9,49
34,52,59,-7,48
34,37,43,-6,51
46,44,68,-24,49
38,49,28,21,63
22,29,15,14,39
38,54,34,20,66
38,72,49,23,62
34,49,71,-22,30
23,32,33,-1,35
30,26,43,-17,32
38,51,37,14,58
38,55,60,-5,43
38,42,55,-13,39
38,31,39,-8,48
34,75,33,42,77
46,52,46,6,64
38,103,42,61,85
38,58,53,5,64
38,31,48,-17,34
38,49,42,7,55
38,35,63,-28,35
36,55,66,-11,43
38,34,44,-10,41
34,48,54,-6,41
38,44,51,-7,46
46,77,49,28,84
46,53,60,-7,58
38,50,66,-16,41
38,75,39,36,75
38,29,45,-16,40
46,50,68,-18,53
17,39,23,16,28
46,61,45,16,76
38,32,62,-30,39
34,34,63,-29,27
38,28,41,-13,43
38,39,57,-18,34
26,26,41,-15,24
38,46,55,-9,49
42,54,69,-15,52
34,36,43,-7,42
38,52,30,22,69
38,49,45,4,48
42,55,42,13,69
42,40,46,-6,57
34,25,88,-63,14
38,29,40,-11,45
38,39,37,2,52
34,44,53,-9,44
34,40,59,-19,40
38,58,41,17,63
34,45,60,-15,36
34,58,32,26,61
34,51,32,19,67
38,112,29,83,91
46,68,64,4,85
34,47,47,0,52
34,62,44,18,60
42,38,34,4,60
38,34,55,-21,35
34,53,36,17,61
42,37,47,-10,53
38,51,50,1,54
42,40,40,0,55
30,55,20,35,67
36,38,51,-13,39
6,2,8,-6,4
46,46,46,0,55
38,45,49,-4,49
38,70,58,12,65
28,31,50,-19,23
38,37,46,-9,43
34,52,50,2,49
34,64,50,14,45
34,32,37,-5,39
38,62,53,9,58
38,52,55,-3,45
34,36,44,-8,42
34,39,72,-33,32
38,87,43,44,78
0,0,0,0,0
34,42,46,-4,43
42,55,42,13,70
23,27,38,-11,27
38,41,42,-1,50
42,57,41,16,61
38,47,42,5,55
34,41,45,-4,48
42,47,50,-3,49
38,47,55,-8,48
38,35,60,-25,41
46,57,46,11,71
34,34,47,-13,38
38,46,54,-8,42
19,21,31,-10,17
34,16,74,-58,14
38,100,33,67,87
38,38,63,-25,36
38,47,46,1,55
38,46,65,-19,38
38,48,42,6,52
38,66,48,18,64
34,48,31,17,59
38,41,78,-37,24
38,51,57,-6,48
34,44,55,-11,37
38,36,40,-4,44
42,47,60,-13,49
38,56,46,10,60
22,24,30,-6,24
46,68,55,13,69
42,52,47,5,59
38,37,65,-28,29
34,43,45,-2,46
34,29,60,-31,25
38,31,45,-14,43
34,52,44,8,54
38,57,61,-4,51
38,66,27,39,81
38,36,49,-13,40
34,59,32,27,65
35,47,53,-6,40
38,36,40,-4,45
34,45,65,-20,34
38,39,62,-23,40
34,53,51,2,54
17,38,29,9,27
46,90,35,55,102
38,71,27,44,82
38,52,62,-10,43
38,27,58,-31,25
42,49,52,-3,59
24,22,38,-16,25
46,50,56,-6,56
38,44,62,-18,36
34,42,50,-8,42
38,40,77,-37,28
34,36,54,-18,36
34,50,66,-16,34
38,27,61,-34,29
38,102,33,69,92
34,58,49,9,53
34,69,53,16,60
42,44,37,7,68
46,49,63,-14,52
38,92,22,70,93
42,44,34,10,64
34,48,45,3,49
46,51,74,-23,42
38,54,47,7,59
38,29,59,-30,28
36,68,38,30,67
38,46,69,-23,38
27,75,24,51,68
46,66,75,-9,54
42,58,50,8,59
38,48,55,-7,45
34,46,54,-8,38
34,60,55,5,53
42,46,51,-5,50
38,28,40,-12,43
46,50,65,-15,50
34,58,44,14,55
46,74,57,17,73
34,63,37,26,69
38,54,29,25,69
38,31,43,-12,37
34,42,28,14,58
46,56,60,-4,59
46,68,37,31,85
42,53,50,3,60
17,11,26,-15,12
42,48,44,4,64
46,82,47,35,101
46,67,48,19,75
34,44,42,2,42
34,36,36,0,51
38,54,46,8,56
38,39,59,-20,38
26,31,23,8,42
38,42,48,-6,46
38,36,38,-2,56
34,79,21,58,86
42,49,58,-9,50
34,49,55,-6,53
26,25,54,-29,21
38,40,52,-12,39
38,45,53,-8,49
24,24,24,0,31
46,38,65,-27,42
38,65,51,14,62
34,42,66,-24,39
34,35,40,-5,46
38,48,48,0,48
46,58,75,-17,38
34,38,57,-19,41
38,58,48,10,57
46,55,66,-11,56
38,46,57,-11,45
38,38,76,-38,29
34,45,63,-18,36
36,52,42,10,46
38,38,46,-8,46
34,81,44,37,76
46,68,60,8,70
38,39,38,1,60
38,68,34,34,82
46,72,35,37,93
30,57,33,24,56
30,39,41,-2,37
38,63,38,25,70
46,65,51,14,72
34,28,60,-32,25
38,32,48,-16,41
34,31,65,-34,31
38,47,33,14,70
38,43,54,-11,36
46,73,50,23,83
38,46,34,12,69
38,31,50,-19,43
34,67,35,32,65
38,40,70,-30,31
46,63,65,-2,53
46,75,54,21,71
34,37,44,-7,43
38,28,58,-30,29
34,36,47,-11,34
38,40,49,-9,44
36,55,61,-6,47
5,3,8,-5,4
22,23,23,0,31
38,27,45,-18,40
46,89,47,42,95
46,63,30,33,91
38,49,35,14,62
38,53,55,-2,49
46,62,49,13,74
34,34,57,-23,32
46,43,87,-44,42
38,36,44,-8,46
34,47,71,-24,33
23,31,26,5,37
35,68,40,28,59
38,60,51,9,53
34,68,48,20,55
38,53,42,11,59
38,54,49,5,54
46,52,65,-13,55
38,48,53,-5,57
38,38,59,-21,34
38,52,42,10,65
38,54,55,-1,51
38,57,46,11,59
36,42,70,-28,29
38,88,43,45,84
38,44,59,-15,41
34,50,43,7,50
42,40,49,-9,50
36,89,43,46,70
42,63,35,28,82
34,65,51,14,60
38,51,62,-11,47
38,38,43,-5,46
34,34,52,-18,36
34,45,53,-8,40
38,57,25,32,82
38,93,37,56,91
38,33,45,-12,44
38,63,46,17,68
46,49,60,-11,55
34,44,34,10,55
38,35,65,-30,32
42,30,63,-33,36
34,32,60,-28,25
38,53,60,-7,48
30,45,21,24,52
38,66,40,26,76
46,56,51,5,66
38,54,46,8,54
38,49,73,-24,44
38,63,39,24,72
34,47,58,-11,39
46,69,47,22,75
34,36,37,-1,54
38,47,52,-5,48
46,45,52,-7,55
38,43,72,-29,36
42,44,50,-6,49
38,38,36,2,52
42,68,44,24,78
46,74,64,10,60
34,42,60,-18,36
46,59,50,9,69
36,54,70,-16,41
36,69,42,27,67
34,53,33,20,64
42,49,53,-4,53
46,54,67,-13,57
46,47,62,-15,56
38,54,45,9,56
42,65,43,22,64
38,60,61,-1,60
38,72,36,36,74
36,60,59,1,46
42,52,44,8,57
46,60,50,10,64
34,45,52,-7,39
38,49,56,-7,46
46,53,66,-13,56
38,42,44,-2,44
46,46,72,-26,42
30,28,55,-27,23
38,102,35,67,96
38,59,40,19,71
42,40,42,-2,57
42,44,44,0,53
34,32,41,-9,42
46,54,70,-16,51
38,70,20,50,88
42,45,59,-14,52
46,55,53,2,64
38,46,48,-2,44
46,71,62,9,72
38,41,64,-23,36
38,55,53,2,52
38,51,68,-17,34
38,43,49,-6,48
46,64,68,-4,56
38,42,68,-26,36
42,61,48,13,66
38,44,48,-4,52
34,43,48,-5,38
34,55,49,6,47
34,49,63,-14,43
46,41,68,-27,46
38,23,84,-61,22
38,30,50,-20,37
46,93,57,36,94
38,66,41,25,44
46,55,79,-24,51
38,51,57,-6,48
38,34,52,-18,44
34,36,43,-7,39
34,57,52,5,52
17,39,20,19,36
38,40,52,-12,42
42,65,47,18,72
38,34,55,-21,36
42,64,49,15,62
34,48,52,-4,44
38,37,47,-10,39
38,72,53,19,62
46,48,69,-21,50
42,62,43,19,66
38,47,40,7,52
38,34,47,-13,41
30,34,36,-2,38
42,58,61,-3,49
21,32,25,7,34
34,76,50,26,57
34,63,39,24,60
46,61,58,3,62
34,45,44,1,42
36,45,51,-6,50
34,34,40,-6,40
34,45,42,3,56
34,47,68,-21,35
38,40,36,4,57
38,46,62,-16,35
38,78,29,49,77
46,45,70,-25,49
34,45,31,14,56
34,46,52,-6,42
42,63,53,10,59
38,37,43,-6,50
38,37,62,-25,40
46,42,45,-3,52
38,36,41,-5,39
42,46,68,-22,46
22,34,30,4,36
38,41,45,-4,53
42,43,50,-7,51
38,54,46,8,61
38,55,61,-6,47
42,42,37,5,61
42,44,54,-10,50
46,69,61,8,68
14,17,14,3,21
34,40,51,-11,37
46,50,65,-15,48
34,48,48,0,55
38,90,38,52,87
46,59,80,-21,54
46,47,48,-1,62
38,49,55,-6,47
42,51,55,-4,57
42,55,29,26,74
30,48,20,28,71
34,38,42,-4,43
42,60,50,10,57
38,48,44,4,62
38,72,37,35,73
38,47,51,-4,51
42,34,57,-23,40
38,57,39,18,69
38,65,62,3,50
30,41,16,25,62
34,57,40,17,51
42,54,40,14,65
38,29,70,-41,25
38,49,58,-9,43
22,43,29,14,42
38,43,42,1,51
38,51,65,-14,41
18,21,28,-7,20
42,54,40,14,67
17,30,29,1,23
38,43,36,7,55
38,53,60,-7,43
42,54,63,-9,42
46,72,37,35,93
22,22,20,2,31
46,78,59,19,78
36,59,66,-7,51
38,38,79,-41,21
38,58,46,12,58
38,59,45,14,66
38,40,67,-27,33
38,56,22,34,79
42,37,69,-32,32
38,35,104,-69,16
34,43,37,6,45
38,32,77,-45,27
34,45,57,-12,33
46,88,48,40,86
21,27,28,-1,26
38,53,55,-2,49
38,36,49,-13,40
28,28,31,-3,37
38,50,59,-9,51
42,68,38,30,77
28,27,37,-10,30
34,35,38,-3,41
46,58,59,-1,68
38,58,43,15,65
38,40,54,-14,51
46,46,46,0,69
34,35,44,-9,45
30,47,28,19,54
38,72,43,29,68
34,65,44,21,57
38,64,44,20,71
38,60,51,9,63
46,67,77,-10,50
38,56,72,-16,40
36,61,45,16,60
42,45,46,-1,52
34,31,42,-11,41
38,60,47,13,55
34,53,38,15,50
34,33,42,-9,40
38,76,42,34,78
34,42,44,-2,43
38,47,46,1,49
38,44,65,-21,37
34,53,39,14,52
42,49,45,4,59
46,54,67,-13,51
46,68,70,-2,66
35,39,52,-13,35
36,78,36,42,78
42,53,55,-2,55
42,35,33,2,53
38,41,63,-22,37
5,9,0,9,13
34,46,48,-2,45
46,46,72,-26,36
42,66,47,19,75
0,0,0,0,0
38,46,53,-7,49
38,49,58,-9,43
34,38,26,12,50
46,61,68,-7,54
38,121,32,89,100
41,45,39,6,54
38,78,42,36,76
26,29,41,-12,29
21,38,29,9,35
38,60,42,18,64
38,68,28,40,81
34,30,43,-13,40
38,45,46,-1,49
38,35,35,0,55
34,52,60,-8,38
34,43,58,-15,37
38,99,26,73,93
46,49,73,-24,39
38,72,42,30,69
38,59,47,12,61
38,54,59,-5,48
34,28,33,-5,44
38,63,46,17,66
46,83,51,32,88
38,36,52,-16,46
34,54,49,5,48
38,45,41,4,49
46,49,50,-1,58
38,45,44,1,46
42,51,31,20,74
34,56,53,3,46
38,68,33,35,71
38,48,35,13,57
34,51,46,5,50
42,73,47,26,78
34,54,33,21,57
34,52,31,21,65
46,55,51,4,69
34,38,39,-1,42
30,47,18,29,64
34,53,53,0,48
38,77,28,49,86
38,35,62,-27,41
34,36,49,-13,47
15,48,14,34,40
46,61,49,12,65
46,60,47,13,74
46,62,65,-3,68
30,29,41,-12,31
24,37,19,18,47
38,47,68,-21,38
38,60,33,27,74
46,36,58,-22,44
46,53,61,-8,58
38,39,59,-20,38
30,70,14,56,78
38,34,35,-1,44
38,32,49,-17,43
34,33,52,-19,33
34,39,43,-4,45
34,46,51,-5,47
42,51,50,1,63
46,65,61,4,68
34,69,28,41,74
30,39,49,-10,32
38,53,37,16,64
38,61,53,8,56
38,42,49,-7,37
34,38,58,-20,37
46,78,37,41,92
46,53,80,-27,53
34,41,39,2,49
34,50,41,9,48
34,51,42,9,61
38,38,43,-5,42
38,41,45,-4,53
30,25,34,-9,35
38,39,53,-14,45
42,44,51,-7,46
38,43,53,-10,42
34,50,55,-5,44
34,48,54,-6,42
34,54,50,4,46
34,42,69,-27,31
38,54,49,5,54
34,45,68,-23,29
42,48,54,-6,52
34,50,46,4,55
46,51,44,7,70
38,34,69,-35,27
38,55,42,13,64
38,57,41,16,57
46,48,64,-16,44
38,59,52,7,63
21,38,19,19,46
38,80,35,45,82
34,70,52,18,51
30,28,36,-8,37
46,82,42,40,92
38,34,52,-18,45
38,52,54,-2,52
38,38,36,2,46
46,65,40,25,74
34,42,41,1,46
34,29,34,-5,41
42,53,53,0,61
38,46,68,-22,49
38,47,51,-4,41
46,72,52,20,76
38,76,43,33,67
38,56,33,23,62
38,74,51,23,70
30,41,45,-4,42
23,24,43,-19,20
36,33,36,-3,43
38,65,44,21,65
46,46,80,-34,34
46,40,79,-39,37
36,42,61,-19,38
34,36,57,-21,32
30,60,13,47,72
38,56,31,25,62
30,39,37,2,37
38,52,46,6,51
30,21,62,-41,12
38,41,51,-10,45
34,43,54,-11,40
42,53,44,9,67
38,41,27,14,57
42,43,56,-13,47
38,43,51,-8,50
38,43,42,1,56
38,69,23,46,83
38,31,42,-11,41
38,29,61,-32,32
38,42,55,-13,42
38,54,39,15,68
30,31,34,-3,41
38,57,56,1,53
36,47,42,5,56
38,52,56,-4,48
38,44,52,-8,45
34,34,75,-41,22
38,24,59,-35,26
30,48,43,5,43
46,49,46,3,57
42,45,35,10,66
38,38,30,8,57
46,63,65,-2,60
38,42,42,0,48
46,58,52,6,61
42,45,62,-17,45
38,44,54,-10,47
38,31,58,-27,41
42,49,35,14,75
38,93,29,64,89
46,52,45,7,67
34,67,35,32,60
42,43,48,-5,46
38,59,66,-7,44
36,69,36,33,69
38,51,46,5,55
46,43,87,-44,37
46,49,53,-4,55
21,31,32,-1,35
38,72,22,50,91
34,63,43,20,64
30,33,45,-12,28
34,40,41,-1,53
30,40,40,0,45
42,55,43,12,68
38,57,27,30,68
34,49,30,19,59
34,42,31,11,50
18,25,26,-1,25
34,51,30,21,66
46,50,52,-2,60
38,40,46,-6,45
34,40,72,-32,35
27,32,32,0,38
34,29,50,-21,32
34,73,30,43,77
38,48,27,21,66
34,47,42,5,46
38,40,47,-7,56
36,46,54,-8,41
34,38,44,-6,40
34,44,55,-11,44
19,52,22,30,51
34,43,45,-2,45
46,49,63,-14,60
38,34,59,-25,39
46,65,54,11,57
38,83,41,42,80
34,37,45,-8,38
38,53,36,17,65
34,49,47,2,61
38,43,46,-3,47
46,54,55,-1,55
34,55,45,10,55
42,38,44,-6,52
0,0,0,0,0
19,29,19,10,31
42,46,58,-12,45
19,43,19,24,43
38,35,45,-10,49
38,43,45,-2,49
34,28,49,-21,27
34,50,55,-5,43
34,39,57,-18,30
46,53,66,-13,52
46,47,58,-11,54
20,19,28,-9,13
38,42,36,6,52
18,16,31,-15,20
46,45,61,-16,54
38,45,47,-2,51
42,67,58,9,53
0,0,0,0,0
46,49,61,-12,54
25,24,39,-15,26
0,0,0,0,0
42,36,36,0,52
38,51,35,16,61
34,42,52,-10,41
36,49,41,8,57
38,50,61,-11,48
30,45,51,-6,40
38,49,49,0,50
34,30,59,-29,31
42,57,47,10,70
46,52,54,-2,69
38,35,63,-28,35
34,65,39,26,65
34,55,33,22,58
42,36,77,-41,24
42,37,51,-14,51
46,39,71,-32,38
34,36,54,-18,34
34,34,32,2,50
38,32,46,-14,45
34,28,60,-32,27
46,50,58,-8,64
38,76,43,33,83
38,42,36,6,71
34,40,57,-17,36
38,48,59,-11,48
38,60,54,6,56
24,22,43,-21,17
46,45,55,-10,59
34,34,57,-23,34
34,63,49,14,58
36,47,35,12,59
46,37,61,-24,52
42,53,36,17,68
38,21,63,-42,24
36,63,40,23,62
17,31,32,-1,26
38,54,37,17,57
34,44,46,-2,39
46,56,71,-15,57
38,53,42,11,57
38,70,42,28,69
38,52,59,-7,46
34,47,25,22,64
38,28,58,-30,37
34,25,50,-25,35
38,51,60,-9,44
34,52,54,-2,53
38,48,42,6,55
34,40,44,-4,43
46,60,45,15,81
34,72,40,32,64
46,57,67,-10,63
38,89,22,67,97
34,46,42,4,50
38,30,62,-32,31
34,74,44,30,64
30,32,36,-4,33
42,44,49,-5,54
28,41,29,12,56
46,56,75,-19,48
38,27,47,-20,40
38,36,78,-42,25
46,86,58,28,86
38,50,40,10,69
38,46,52,-6,44
42,49,46,3,57
38,60,30,30,74
38,36,60,-24,42
34,52,41,11,55
30,28,52,-24,24
38,76,50,26,70
38,29,71,-42,18
36,72,25,47,75
36,55,43,12,53
38,46,55,-9,50
38,36,61,-25,43
30,36,46,-10,39
38,72,37,35,72
42,62,43,19,64
34,55,45,10,54
38,35,63,-28,36
30,41,49,-8,34
38,39,47,-8,44
38,47,51,-4,49
37,39,35,4,52
30,22,53,-31,14
34,27,31,-4,41
42,59,35,24,72
46,47,52,-5,62
46,45,66,-21,50
42,43,59,-16,47
17,26,30,-4,22
46,53,71,-18,51
42,43,63,-20,51
38,37,58,-21,37
38,49,41,8,56
17,26,16,10,29
38,38,38,0,54
42,42,52,-10,44
36,44,67,-23,33
38,40,49,-9,47
38,45,56,-11,47
46,58,51,7,71
42,40,60,-20,46
46,44,73,-29,46
38,47,57,-10,44
38,59,40,19,65
46,60,74,-14,53
38,69,63,6,51
30,31,46,-15,29
30,44,18,26,66
46,71,60,11,76
30,54,32,22,59
38,37,71,-34,39
46,43,76,-33,45
34,72,40,32,63
34,47,54,-7,46
42,44,48,-4,53
46,61,77,-16,51
38,42,60,-18,39
34,51,45,6,50
34,39,31,8,49
37,45,49,-4,45
38,52,36,16,69
38,35,49,-14,47
38,52,64,-12,45
38,41,56,-15,42
46,43,47,-4,55
38,38,52,-14,38
46,57,56,1,67
46,58,50,8,78
38,46,57,-11,34
36,76,45,31,69
38,50,38,12,67
34,45,40,5,59
42,45,64,-19,47
38,43,48,-5,51
38,35,46,-11,40
38,33,52,-19,44
34,46,52,-6,45
46,89,29,60,98
42,42,53,-11,44
42,46,64,-18,38
34,34,58,-24,31
21,37,22,15,38
38,46,40,6,54
42,48,53,-5,53
38,25,73,-48,21
38,48,78,-30,31
38,44,39,5,57
34,43,50,-7,46
38,48,56,-8,46
46,51,49,2,61
46,68,63,5,63
38,28,43,-15,38
38,41,47,-6,45
38,53,50,3,55
34,55,38,17,60
38,44,56,-12,49
46,45,72,-27,51
38,116,37,79,90
38,43,44,-1,46
38,55,45,10,65
38,51,40,11,59
30,27,37,-10,26
30,70,26,44,68
38,62,36,26,71
38,52,32,20,68
38,55,52,3,52
34,47,44,3,48
38,46,42,4,46
38,45,65,-20,39
46,49,49,0,58
38,44,48,-4,49
46,75,54,21,77
42,48,67,-19,41
34,56,61,-5,40
38,39,59,-20,38
46,51,58,-7,61
38,41,47,-6,43
34,53,47,6,52
21,32,30,2,30
46,47,50,-3,54
38,51,54,-3,46
38,51,33,18,64
38,36,56,-20,36
38,46,49,-3,56
38,36,52,-16,36
38,78,22,56,93
30,19,33,-14,28
38,47,64,-17,45
38,47,54,-7,42
34,32,70,-38,28
42,51,39,12,60
38,37,45,-8,43
38,50,40,10,53
38,32,51,-19,41
38,40,53,-13,45
38,80,32,48,82
38,114,34,80,99
6,5,9,-4,7
21,22,19,3,27
38,39,42,-3,55
38,33,64,-31,37
38,41,67,-26,35
34,31,69,-38,28
38,46,50,-4,51
46,60,55,5,60
38,52,39,13,64
30,40,44,-4,40
46,58,74,-16,44
38,39,58,-19,39
38,40,48,-8,47
38,58,50,8,50
30,31,41,-10,33
18,20,26,-6,18
38,52,61,-9,43
28,40,34,6,37
46,39,52,-13,52
34,54,36,18,59
38,87,36,51,83
46,52,80,-28,37
34,51,41,10,55
42,43,49,-6,54
34,54,28,26,66
38,44,65,-21,45
35,36,47,-11,37
40,80,36,44,84
34,26,50,-24,28
38,27,60,-33,28
38,40,40,0,45
38,46,55,-9,41
38,51,76,-25,35
34,39,38,1,50
42,44,37,7,56
17,19,19,0,24
34,65,28,37,76
38,46,41,5,50
38,55,40,15,63
46,56,42,14,75
34,70,35,35,68
46,41,81,-40,30
42,37,48,-11,51
38,37,55,-18,36
38,44,64,-20,41
38,37,52,-15,39
46,54,79,-25,42
42,54,55,-1,53
38,36,24,12,61
38,40,51,-11,40
38,70,49,21,66
38,44,65,-21,33
34,53,56,-3,43
42,44,48,-4,56
38,98,24,74,99
38,38,35,3,56
38,44,57,-13,39
38,56,42,14,66
34,33,65,-32,27
38,39,55,-16,45
36,44,52,-8,50
38,58,57,1,56
40,43,55,-12,48
46,52,54,-2,56
38,24,58,-34,32
38,59,60,-1,49
42,77,43,34,85
46,56,53,3,63
38,52,50,2,51
34,50,65,-15,38
38,40,57,-17,46
38,34,57,-23,33
34,26,45,-19,30
38,44,53,-9,45
42,47,49,-2,58
38,55,48,7,53
38,61,62,-1,52
42,44,48,-4,51
38,50,66,-16,47
38,47,54,-7,49
38,43,53,-10,43
38,39,42,-3,46
38,41,62,-21,37
38,65,40,25,69
0,0,0,0,0
34,40,56,-16,34
34,65,38,27,59
38,63,56,7,68
46,58,75,-17,50
34,69,44,25,64
46,52,52,0,66
46,99,32,67,106
46,50,65,-15,53
34,45,40,5,51
42,53,53,0,56
34,31,67,-36,14
34,44,41,3,50
38,43,47,-4,46
38,61,36,25,66
30,29,36,-7,36
36,43,56,-13,36
36,68,45,23,60
42,60,40,20,71
34,60,48,12,54
22,30,26,4,31
34,48,69,-21,27
34,41,50,-9,44
38,53,50,3,52
42,40,47,-7,49
38,46,58,-12,43
34,37,43,-6,39
46,61,66,-5,56
38,38,65,-27,39
38,49,53,-4,53
38,66,57,9,52
46,47,65,-18,57
34,74,20,54,85
36,19,83,-64,23
38,42,61,-19,38
42,41,52,-11,45
34,50,62,-12,40
38,52,55,-3,55
34,72,33,39,74
30,28,42,-14,31
38,65,43,22,71
38,51,39,12,57
46,46,63,-17,51
38,73,51,22,70
38,49,58,-9,58
34,46,53,-7,49
30,25,42,-17,23
42,31,29,2,55
38,41,42,-1,50
38,72,34,38,83
34,28,54,-26,27
34,50,55,-5,44
34,60,37,23,59
34,56,40,16,60
42,48,36,12,69
38,56,54,2,50
46,64,32,32,82
38,38,43,-5,46
38,28,56,-28,33
38,49,47,2,50
38,47,61,-14,45
30,32,48,-16,30
38,46,52,-6,47
38,48,68,-20,34
38,68,48,20,71
38,43,53,-10,43
46,65,66,-1,69
34,88,31,57,83
34,43,45,-2,42
34,59,43,16,55
46,82,45,37,87
46,50,64,-14,60
46,63,67,-4,64
38,41,54,-13,38
38,34,60,-26,34
42,37,58,-21,31
38,37,44,-7,49
38,34,42,-8,42
38,66,51,15,61
38,45,68,-23,40
38,46,48,-2,45
38,51,59,-8,40
38,58,54,4,50
34,55,28,27,70
30,42,29,13,54
38,55,50,5,61
38,40,46,-6,42
28,30,41,-11,26
38,45,75,-30,31
34,68,38,30,70
34,60,30,30,71
46,54,59,-5,57
34,38,41,-3,48
34,42,54,-12,41
38,41,56,-15,44
46,68,36,32,86
34,72,18,54,82
38,38,55,-17,41
46,53,71,-18,49
42,47,33,14,71
38,34,55,-21,35
34,46,51,-5,37
42,36,36,0,52
38,45,32,13,57
38,77,28,49,73
36,91,39,52,77
30,29,49,-20,25
46,53,65,-12,51
38,50,53,-3,50
38,64,33,31,76
34,60,40,20,60
38,33,36,-3,53
42,31,42,-11,52
38,37,49,-12,43
38,49,42,7,59
38,102,25,77,99
30,26,38,-12,29
38,40,65,-25,34
34,43,46,-3,40
28,18,27,-9,28
42,41,60,-19,45
46,58,59,-1,60
38,42,45,-3,42
18,28,20,8,30
38,34,43,-9,44
34,60,49,11,54
38,37,62,-25,38
46,52,62,-10,52
34,71,42,29,67
38,40,38,2,53
46,59,58,1,60
34,49,58,-9,42
34,24,54,-30,23
42,61,40,21,73
38,72,24,48,87
38,74,31,43,79
46,53,63,-10,56
42,55,51,4,60
46,36,91,-55,26
38,33,49,-16,36
42,48,75,-27,35
34,58,50,8,55
15,12,35,-23,6
38,52,35,17,63
38,40,45,-5,44
38,37,67,-30,35
38,67,39,28,72
38,35,57,-22,38
46,81,48,33,93
38,35,40,-5,43
33,27,54,-27,31
34,38,50,-12,39
34,46,70,-24,34
36,46,36,10,52
46,53,85,-32,50
46,71,69,2,59
38,58,26,32,77
38,38,48,-10,44
34,34,36,-2,45
34,65,26,39,75
34,34,54,-20,30
38,41,67,-26,38
38,36,69,-33,27
38,27,52,-25,38
17,9,39,-30,11
34,24,63,-39,22
38,52,45,7,56
38,29,44,-15,42
38,38,63,-25,36
38,55,36,19,62
34,39,49,-10,36
34,42,49,-7,46
34,56,41,15,52
42,40,39,1,53
19,34,31,3,30
46,56,45,11,72
34,67,36,31,71
38,37,52,-15,45
38,31,62,-31,28
34,41,43,-2,44
35,61,38,23,62
38,50,57,-7,50
38,42,58,-16,46
34,42,63,-21,33
38,57,45,12,63
38,48,45,3,57
42,36,46,-10,52
42,35,64,-29,32
46,49,64,-15,53
38,46,51,-5,48
38,50,54,-4,44
38,59,31,28,71
30,89,19,70,80
34,48,65,-17,36
26,29,34,-5,32
30,63,18,45,67
38,48,35,13,59
38,52,57,-5,50
46,79,42,37,87
38,65,46,19,64
34,35,58,-23,29
34,42,45,-3,44
34,83,44,39,71
34,44,54,-10,45
17,20,27,-7,16
38,37,67,-30,30
17,18,28,-10,18
26,36,17,19,52
46,73,39,34,91
42,57,27,30,82
42,41,47,-6,51
46,36,77,-41,31
30,25,35,-10,37
38,62,31,31,58
38,32,43,-11,47
34,57,34,23,60
38,45,61,-16,44
46,57,99,-42,40
38,41,47,-6,47
38,77,44,33,75
42,69,55,14,61
46,50,64,-14,52
34,34,45,-11,32
42,74,56,18,71
38,48,54,-6,41
38,60,51,9,53
38,43,39,4,60
38,40,34,6,55
38,41,48,-7,52
46,61,54,7,66
34,40,56,-16,38
38,59,55,4,58
36,49,56,-7,48
38,40,65,-25,33
38,51,60,-9,52
34,34,50,-16,37
34,61,37,24,61
36,35,46,-11,38
46,42,53,-11,58
0,0,0,0,0
34,59,46,13,49
34,42,27,15,57
38,39,57,-18,36
38,31,58,-27,30
46,92,57,35,96
46,50,58,-8,59
36,49,41,8,51
21,29,21,8,33
14,28,13,15,28
36,43,42,1,50
34,89,24,65,90
38,32,56,-24,41
42,41,54,-13,44
38,71,66,5,53
26,34,37,-3,29
30,30,32,-2,39
34,54,42,12,57
30,57,25,32,61
34,37,52,-15,39
42,54,38,16,71
46,65,50,15,74
19,17,13,4,28
38,79,42,37,78
34,31,48,-17,35
46,59,67,-8,57
38,42,48,-6,50
46,54,87,-33,41
38,50,48,2,50
38,55,62,-7,48
46,59,53,6,70
42,43,53,-10,46
38,43,41,2,52
20,48,20,28,47
46,60,53,7,60
42,55,50,5,61
34,37,46,-9,41
38,47,52,-5,56
42,57,33,24,80
38,67,27,40,86
38,55,19,36,77
38,57,43,14,60
36,44,49,-5,37
30,43,33,10,45
38,50,46,4,47
42,56,52,4,63
21,24,28,-4,24
46,57,53,4,64
38,35,76,-41,26
38,31,53,-22,38
38,59,35,24,72
38,65,43,22,66
34,34,42,-8,37
38,45,49,-4,48
38,37,53,-16,36
38,47,48,-1,59
38,44,49,-5,49
42,40,80,-40,17
30,54,23,31,66
42,44,45,-1,60
30,60,13,47,75
46,69,43,26,75
38,45,38,7,63
38,77,27,50,91
38,50,60,-10,43
46,65,62,3,61
37,45,40,5,51
34,47,42,5,52
46,60,54,6,68
42,45,53,-8,50
42,34,35,-1,59
34,36,42,-6,47
38,80,22,58,87
38,85,31,54,58
38,30,58,-28,26
38,39,46,-7,49
38,61,50,11,62
38,36,53,-17,45
38,63,40,23,77
46,81,43,38,90
38,31,54,-23,31
38,60,43,17,58
38,37,48,-11,44
38,37,34,3,56
26,27,44,-17,25
46,58,64,-6,60
34,30,36,-6,40
42,39,48,-9,55
46,43,80,-37,36
38,56,58,-2,44
19,20,32,-12,22
34,42,42,0,45
38,64,43,21,64
34,56,55,1,45
38,43,41,2,50
37,41,49,-8,45
38,48,51,-3,52
46,65,40,25,79
46,80,38,42,89
34,36,70,-34,18
46,52,56,-4,51
34,65,40,25,64
38,51,52,-1,48
38,55,57,-2,54
38,58,61,-3,54
21,21,25,-4,18
38,62,49,13,55
42,52,43,9,65
46,64,43,21,82
18,21,28,-7,20
38,54,61,-7,47
38,47,60,-13,42
38,48,53,-5,51
40,46,65,-19,38
38,36,56,-20,41
38,35,43,-8,48
46,42,76,-34,41
46,68,60,8,64
38,35,45,-10,46
38,41,66,-25,33
46,62,46,16,84
34,47,45,2,43
20,32,17,15,34
46,61,66,-5,59
28,21,43,-22,19
38,83,27,56,89
38,26,55,-29,32
38,58,43,15,66
38,57,33,24,75
38,36,59,-23,39
42,46,28,18,66
38,41,38,3,54
34,36,47,-11,37
36,61,58,3,55
38,33,68,-35,33
38,70,40,30,70
17,16,37,-21,16
34,65,20,45,85
38,53,38,15,68
34,38,45,-7,44
38,61,50,11,58
38,48,62,-14,39
38,57,42,15,69
34,52,38,14,63
46,68,71,-3,53
34,30,54,-24,31
36,55,39,16,60
36,40,64,-24,34
38,44,41,3,47
0,0,0,0,0
46,59,68,-9,57
46,55,40,15,72
38,47,50,-3,53
15,18,24,-6,12
0,0,0,0,0
46,54,68,-14,54
38,45,46,-1,49
34,59,64,-5,39
34,62,46,16,57
42,50,60,-10,48
24,32,35,-3,30
38,72,37,35,82
34,36,45,-9,41
42,59,48,11,67
38,40,75,-35,33
34,73,27,46,70
36,46,33,13,58
46,66,72,-6,60
46,71,62,9,69
34,50,49,1,50
46,41,71,-30,36
34,42,46,-4,43
38,70,47,23,72
38,47,79,-32,43
46,47,44,3,68
38,45,48,-3,47
34,63,43,20,64
34,40,56,-16,23
38,42,49,-7,48
46,98,45,53,90
33,44,42,2,43
38,106,25,81,106
38,33,41,-8,39
46,54,58,-4,60
34,35,59,-24,35
19,51,22,29,38
25,26,45,-19,20
46,54,54,0,60
38,66,46,20,72
46,50,52,-2,54
38,60,33,27,73
34,27,43,-16,34
42,40,41,-1,53
38,33,44,-11,44
42,59,34,25,74
34,40,52,-12,38
38,53,39,14,58
42,50,58,-8,52
16,20,15,5,28
34,67,28,39,72
38,55,39,16,61
34,74,29,45,75
34,62,36,26,69
46,44,60,-16,42
19,21,28,-7,23
30,30,50,-20,24
34,47,33,14,48
38,60,36,24,77
38,35,59,-24,41
46,52,49,3,57
34,34,62,-28,25
38,80,47,33,77
38,66,30,36,72
36,48,32,16,59
46,70,56,14,74
46,77,51,26,77
34,43,36,7,50
46,56,74,-18,58
34,33,64,-31,28
36,50,56,-6,46
38,28,66,-38,30
42,42,49,-7,47
42,40,46,-6,55
38,45,47,-2,49
30,33,39,-6,36
38,48,53,-5,48
17,30,24,6,28
34,39,34,5,50
38,65,54,11,66
38,47,63,-16,41
46,60,73,-13,52
19,22,21,1,27
30,26,45,-19,34
34,26,56,-30,29
38,61,32,29,72
34,43,39,4,51
38,51,27,24,70
34,49,45,4,60
38,44,37,7,48
38,42,61,-19,46
34,49,46,3,51
36,54,58,-4,47
38,62,39,23,68
42,50,51,-1,54
46,52,56,-4,64
38,42,34,8,61
42,43,49,-6,48
38,94,26,68,92
38,48,71,-23,31
46,91,50,41,89
38,44,50,-6,51
34,29,34,-5,40
42,37,59,-22,41
46,61,50,11,70
34,80,25,55,81
42,38,46,-8,49
38,38,54,-16,42
34,31,40,-9,38
46,65,66,-1,62
42,73,48,25,79
38,48,53,-5,47
34,41,51,-10,36
42,43,38,5,61
34,43,44,-1,47
46,60,58,2,61
42,52,44,8,61
38,49,61,-12,43
46,46,69,-23,45
46,50,54,-4,59
42,57,41,16,68
42,48,43,5,63
28,35,25,10,50
46,53,55,-2,65
42,38,65,-27,49
42,55,39,16,68
34,33,47,-14,33
34,53,32,21,64
38,44,40,4,51
42,42,37,5,57
38,77,63,14,63
38,27,43,-16,41
34,43,45,-2,43
38,42,48,-6,37
34,46,54,-8,45
42,58,42,16,72
46,53,73,-20,58
34,39,59,-20,30
38,83,38,45,79
38,54,59,-5,44
34,38,43,-5,41
34,36,44,-8,43
42,59,38,21,77
46,62,66,-4,59
46,40,65,-25,51
38,43,64,-21,42
34,62,44,18,60
34,46,50,-4,43
18,17,34,-17,16
17,30,21,9,28
38,48,47,1,52
34,23,64,-41,21
34,45,36,9,59
34,39,64,-25,30
38,31,38,-7,41
38,34,59,-25,40
34,47,39,8,53
34,53,44,9,56
34,46,37,9,48
38,53,53,0,47
42,39,45,-6,55
34,45,48,-3,45
38,66,39,27,70
30,28,24,4,44
38,34,68,-34,23
38,51,45,6,54
38,32,38,-6,44
40,89,44,45,84
46,47,62,-15,53
34,47,42,5,57
34,34,42,-8,40
19,27,25,2,28
38,52,29,23,67
34,98,18,80,91
36,46,49,-3,53
38,41,61,-20,26
38,59,40,19,65
34,51,47,4,48
34,33,42,-9,43
38,58,43,15,75
30,20,35,-15,30
38,57,57,0,58
38,33,44,-11,40
46,51,58,-7,58
36,48,81,-33,36
22,35,27,8,34
41,39,62,-23,40
34,32,56,-24,27
46,62,53,9,66
38,55,47,8,63
38,30,44,-14,42
38,30,53,-23,42
38,50,37,13,56
15,22,26,-4,18
38,40,60,-20,41
46,70,62,8,70
38,37,41,-4,47
34,44,53,-9,42
30,41,31,10,48
42,42,42,0,51
38,51,45,6,58
0,0,0,0,0
34,53,40,13,54
34,53,52,1,45
34,35,53,-18,31
34,53,62,-9,39
38,52,54,-2,52
46,79,61,18,63
38,32,61,-29,29
30,30,56,-26,28
30,29,60,-31,29
42,37,42,-5,53
30,31,49,-18,25
34,81,40,41,65
30,51,18,33,61
34,41,58,-17,41
34,63,27,36,72
38,48,58,-10,46
21,13,47,-34,6
34,49,69,-20,40
38,33,59,-26,31
38,40,59,-19,39
34,26,60,-34,25
34,27,56,-29,25
17,40,24,16,33
17,13,23,-10,16
42,49,60,-11,48
38,40,58,-18,44
28,27,33,-6,30
46,52,64,-12,53
38,67,51,16,63
38,61,52,9,57
46,78,50,28,85
38,52,91,-39,31
46,62,65,-3,63
38,38,45,-7,47
30,39,42,-3,45
38,40,54,-14,43
38,54,48,6,52
34,44,47,-3,38
34,60,62,-2,45
38,47,63,-16,50
46,52,70,-18,47
42,72,50,22,74
38,77,37,40,76
34,43,47,-4,38
46,54,49,5,59
38,75,34,41,82
38,42,37,5,58
30,30,31,-1,45
34,25,60,-35,23
38,33,57,-24,33
34,45,40,5,43
38,55,35,20,66
46,67,66,1,66
17,20,20,0,20
38,41,66,-25,36
34,20,86,-66,12
46,60,39,21,87
38,43,62,-19,37
38,33,50,-17,38
34,33,55,-22,34
38,52,49,3,54
42,49,48,1,58
38,52,50,2,54
34,48,41,7,48
22,31,27,4,29
34,73,23,50,85
42,88,49,39,85
30,46,34,12,55
42,54,48,6,65
34,55,44,11,59
38,38,68,-30,38
38,55,73,-18,48
46,50,75,-25,47
38,39,31,8,54
28,40,33,7,39
46,76,46,30,90
38,49,39,10,61
34,59,60,-1,45
38,44,54,-10,44
34,57,27,30,69
42,78,41,37,83
38,66,45,21,68
38,38,69,-31,36
38,30,64,-34,23
38,50,64,-14,45
30,35,33,2,38
38,55,39,16,66
38,83,32,51,86
19,48,17,31,44
38,35,44,-9,47
34,75,39,36,72
38,49,55,-6,49
38,47,68,-21,33
38,36,47,-11,41
38,106,27,79,100
38,52,45,7,60
17,35,23,12,30
46,64,71,-7,59
34,54,56,-2,49
38,56,33,23,71
34,42,47,-5,47
46,58,65,-7,53
38,34,76,-42,26
38,44,52,-8,48
38,41,71,-30,36
46,63,55,8,75
46,76,57,19,79
38,54,41,13,52
46,67,60,7,77
46,62,63,-1,59
46,77,44,33,86
38,49,35,14,66
38,54,34,20,70
34,56,36,20,55
34,41,52,-11,35
42,37,66,-29,32
0,0,0,0,0
34,47,44,3,55
46,41,81,-40,30
42,37,40,-3,52
34,33,42,-9,39
34,39,56,-17,36
38,42,82,-40,30
38,51,59,-8,60
38,45,46,-1,61
46,69,41,28,89
38,54,52,2,54
38,49,44,5,58
42,53,37,16,69
34,47,35,12,50
34,96,29,67,90
46,67,58,9,67
34,61,64,-3,45
34,33,49,-16,35
38,80,39,41,78
38,60,23,37,81
34,41,59,-18,33
34,33,34,-1,46
38,43,49,-6,46
30,27,38,-11,29
34,54,49,5,46
34,44,33,11,53
34,47,42,5,51
38,61,46,15,60
42,46,59,-13,50
30,35,31,4,53
34,36,45,-9,43
38,38,44,-6,43
38,41,51,-10,43
34,41,38,3,45
38,41,40,1,51
34,51,56,-5,47
30,32,37,-5,35
38,47,55,-8,40
34,54,48,6,47
38,56,41,15,60
42,32,53,-21,44
34,61,35,26,64
34,37,69,-32,25
34,50,39,11,62
46,66,56,10,73
46,48,73,-25,48
38,33,61,-28,39
46,57,66,-9,61
38,52,53,-1,45
34,57,49,8,50
34,39,45,-6,42
38,40,50,-10,45
38,50,48,2,58
38,65,46,19,63
36,36,55,-19,46
34,40,45,-5,40
46,85,47,38,73
38,59,44,15,58
42,49,44,5,54
38,42,62,-20,34
38,40,71,-31,35
34,32,47,-15,39
34,60,36,24,68
38,35,64,-29,33
46,65,41,24,80
42,51,66,-15,49
30,35,28,7,46
38,75,37,38,73
34,19,66,-47,16
34,33,49,-16,35
34,50,50,0,48
34,63,49,14,55
38,40,41,-1,51
42,62,43,19,72
42,58,59,-1,58
46,39,61,-22,48
38,52,38,14,56
46,56,69,-13,50
38,75,47,28,67
36,33,56,-23,35
38,31,57,-26,31
46,89,48,41,91
46,56,77,-21,59
38,58,48,10,58
46,73,53,20,79
38,38,60,-22,39
38,35,64,-29,29
38,66,36,30,66
0,0,0,0,0
38,36,67,-31,27
46,39,67,-28,41
38,85,35,50,92
42,43,48,-5,50
42,62,55,7,66
46,45,53,-8,34
38,57,39,18,61
46,49,69,-20,47
34,44,53,-9,36
46,65,59,6,65
42,49,53,-4,53
38,46,52,-6,47
38,37,44,-7,48
42,55,56,-1,53
23,31,24,7,37
38,28,52,-24,41
42,55,65,-10,51
38,42,54,-12,46
38,50,50,0,60
30,32,26,6,50
30,31,42,-11,34
38,65,49,16,63
38,36,60,-24,33
38,31,52,-21,32
34,61,46,15,57
46,76,53,23,83
38,59,24,35,76
38,32,69,-37,27
30,30,35,-5,38
46,52,51,1,65
38,42,56,-14,45
38,56,65,-9,46
46,48,63,-15,50
38,53,43,10,63
38,44,44,0,45
38,46,53,-7,50
36,32,61,-29,34
38,95,23,72,98
38,67,35,32,77
40,53,69,-16,48
46,46,68,-22,44
34,57,57,0,52
42,59,28,31,80
38,80,31,49,86
38,36,41,-5,52
46,46,54,-8,54
38,59,35,24,71
46,58,73,-15,54
38,38,60,-22,42
46,64,63,1,62
38,51,47,4,58
34,26,62,-36,23
46,58,71,-13,49
18,14,25,-11,15
34,29,38,-9,38
34,69,44,25,57
37,46,39,7,57
34,71,32,39,72
38,37,58,-21,39
46,70,42,28,77
38,50,53,-3,53
38,53,45,8,63
18,10,26,-16,9
46,61,72,-11,55
46,60,68,-8,60
42,42,66,-24,38
38,38,49,-11,45
46,44,54,-10,47
46,49,41,8,73
38,37,42,-5,44
38,33,81,-48,18
46,49,54,-5,60
34,27,45,-18,36
38,68,20,48,84
38,39,43,-4,46
36,36,49,-13,31
38,92,35,57,79
46,72,43,29,82
38,36,52,-16,41
46,50,72,-22,41
38,42,81,-39,24
38,42,60,-18,39
36,74,24,50,81
34,50,60,-10,41
34,56,39,17,51
46,45,73,-28,41
38,44,53,-9,48
46,55,67,-12,53
30,32,26,6,46
38,60,74,-14,52
38,45,67,-22,42
34,64,47,17,55
38,62,48,14,62
46,77,45,32,83
38,64,33,31,70
38,43,43,0,46
38,65,50,15,58
46,72,59,13,73
38,53,74,-21,39
38,43,51,-8,45
38,33,78,-45,31
34,59,43,16,57
38,47,35,12,61
38,53,40,13,60
34,43,47,-4,40
42,49,46,3,59
46,54,62,-8,56
38,55,28,27,76
38,53,62,-9,41
34,43,32,11,52
34,54,55,-1,41
17,19,27,-8,19
42,44,50,-6,52
46,66,55,11,66
46,60,73,-13,53
34,47,36,11,58
34,40,62,-22,31
38,94,39,55,86
38,33,36,-3,52
0,0,0,0,0
38,67,40,27,73
46,49,58,-9,53
46,58,58,0,63
21,41,26,15,37
38,74,61,13,66
34,52,53,-1,38
38,45,44,1,56
20,22,33,-11,19
34,44,38,6,46
38,35,45,-10,43
46,58,64,-6,59
38,44,45,-1,58
42,35,54,-19,41
46,62,68,-6,62
46,52,61,-9,59
42,39,65,-26,33
38,71,41,30,66
38,53,57,-4,48
5,4,5,-1,7
46,53,70,-17,62
38,49,43,6,53
34,43,39,4,46
42,63,43,20,70
46,63,56,7,62
38,33,63,-30,40
34,40,45,-5,43
38,45,52,-7,47
28,42,27,15,40
38,83,36,47,83
46,62,62,0,62
38,39,55,-16,40
38,41,43,-2,47
26,39,22,17,50
34,33,45,-12,36
38,64,43,21,70
38,69,36,33,81
34,39,60,-21,33
38,48,31,17,65
34,56,37,19,67
42,48,52,-4,54
42,47,36,11,71
38,37,45,-8,48
46,47,58,-11,53
46,50,61,-11,56
46,89,61,28,84
33,47,43,4,49
38,38,66,-28,34
34,49,38,11,49
34,72,37,35,64
34,39,31,8,50
38,51,36,15,66
34,25,86,-61,16
42,54,52,2,57
46,53,51,2,62
38,49,50,-1,56
18,29,19,10,30
38,34,53,-19,35
42,47,46,1,53
34,58,48,10,57
34,42,38,4,45
38,35,52,-17,42
42,50,66,-16,50
38,46,53,-7,49
34,57,29,28,73
34,71,37,34,67
38,58,70,-12,44
38,36,57,-21,30
34,60,29,31,71
34,53,48,5,52
42,37,42,-5,52
38,74,24,50,88
34,40,47,-7,39
38,24,56,-32,21
34,39,25,14,59
38,61,46,15,62
38,49,50,-1,46
38,39,65,-26,41
19,22,18,4,25
42,41,41,0,55
42,47,48,-1,50
46,54,50,4,67
36,39,54,-15,43
34,40,72,-32,32
46,66,53,13,75
42,54,67,-13,48
46,41,67,-26,45
38,47,66,-19,44
34,47,48,-1,45
38,38,42,-4,50
38,41,40,1,53
38,52,56,-4,46
42,49,52,-3,55
41,35,57,-22,37
34,30,54,-24,29
19,29,17,12,36
34,44,47,-3,43
38,52,56,-4,45
17,23,36,-13,14
38,61,54,7,65
46,66,79,-13,51
38,35,69,-34,31
30,25,21,4,38
38,64,23,41,83
38,51,42,9,61
34,68,21,47,76
46,61,80,-19,61
38,48,65,-17,40
38,35,46,-11,46
34,62,46,16,54
38,63,49,14,56
42,65,35,30,80
46,54,54,0,65
46,79,40,39,89
46,72,42,30,89
34,32,53,-21,36
46,58,65,-7,57
38,61,36,25,72
38,49,52,-3,44
46,46,51,-5,56
38,49,47,2,59
42,47,40,7,60
34,58,46,12,53
38,48,59,-11,46
34,32,49,-17,33
5,1,5,-4,2
38,42,56,-14,49
34,54,61,-7,45
38,55,56,-1,55
46,40,57,-17,42
38,45,61,-16,46
38,44,43,1,58
38,33,75,-42,26
34,34,63,-29,27
38,31,61,-30,30
38,43,55,-12,47
38,47,59,-12,47
38,33,53,-20,37
30,66,27,39,69
38,39,40,-1,45
0,0,0,0,0
38,90,47,43,78
17,14,37,-23,9
15,12,25,-13,12
36,31,72,-41,25
38,35,41,-6,52
34,45,58,-13,42
38,36,36,0,53
42,16,48,-32,0
38,86,41,45,77
16,31,23,8,26
34,42,64,-22,42
34,30,45,-15,33
34,47,45,2,47
46,80,47,33,85
46,51,65,-14,53
38,32,43,-11,42
21,25,26,-1,25
34,45,49,-4,42
34,45,36,9,55
36,51,55,-4,43
36,75,63,12,51
42,50,46,4,55
42,38,74,-36,30
38,49,52,-3,51
34,42,60,-18,48
17,30,19,11,31
34,51,38,13,62
36,52,42,10,53
38,48,58,-10,45
38,44,34,10,61
40,50,37,13,71
26,38,40,-2,37
5,2,4,-2,5
46,39,67,-28,46
38,66,41,25,69
38,37,48,-11,44
34,31,39,-8,41
46,70,66,4,62
34,43,55,-12,46
38,37,53,-16,37
38,63,31,32,80
34,32,48,-16,31
46,29,78,-49,32
46,85,46,39,88
38,56,65,-9,39
38,51,42,9,50
42,52,43,9,63
26,43,37,6,36
38,54,53,1,56
34,48,47,1,44
38,33,50,-17,39
38,41,43,-2,53
42,43,46,-3,59
46,65,48,17,73
34,28,37,-9,37
30,39,28,11,46
38,33,52,-19,30
38,59,53,6,59
34,60,52,8,59
38,45,42,3,53
46,58,50,8,62
42,54,51,3,54
38,43,50,-7,50
34,35,48,-13,43
42,31,63,-32,35
38,50,70,-20,41
46,62,56,6,70
34,44,65,-21,37
34,32,42,-10,41
38,56,60,-4,53
34,29,61,-32,30
34,30,36,-6,44
38,43,61,-18,36
34,31,53,-22,22
34,48,35,13,59
38,46,53,-7,53
21,27,41,-14,26
6,5,3,2,12
38,29,69,-40,25
38,46,19,27,75
19,19,21,-2,30
36,37,79,-42,29
38,47,48,-1,50
38,43,71,-28,40
38,32,56,-24,38
21,20,37,-17,16
30,40,24,16,55
19,29,25,4,30
38,46,44,2,48
46,55,57,-2,57
34,49,60,-11,33
34,50,51,-1,40
38,47,54,-7,55
38,46,57,-11,41
34,44,36,8,46
38,51,43,8,56
34,43,37,6,46
38,39,19,20,75
46,54,54,0,61
34,38,56,-18,40
46,54,82,-28,51
34,36,43,-7,42
38,45,45,0,51
42,40,50,-10,50
38,42,48,-6,48
42,55,39,16,64
38,38,41,-3,50
34,41,46,-5,48
34,61,28,33,74
42,37,54,-17,44
38,29,58,-29,30
38,64,66,-2,50
30,21,35,-14,32
38,45,44,1,58
34,46,48,-2,47
38,45,43,2,50
34,43,52,-9,42
38,62,36,26,73
34,75,45,30,66
46,63,66,-3,54
34,47,27,20,61
38,40,46,-6,41
34,56,73,-17,37
30,31,32,-1,39
46,66,65,1,65
38,38,40,-2,46
34,43,61,-18,36
34,40,46,-6,46
20,19,25,-6,20
34,63,24,39,78
38,52,49,3,56
36,58,44,14,53
34,65,30,35,68
34,49,35,14,65
34,49,39,10,53
38,63,64,-1,55
46,49,60,-11,50
42,57,42,15,74
22,33,23,10,36
20,19,33,-14,18
46,48,64,-16,50
34,35,42,-7,38
38,38,42,-4,45
38,56,36,20,65
42,45,50,-5,57
42,36,67,-31,32
30,28,34,-6,35
42,73,42,31,82
34,37,41,-4,43
38,62,50,12,59
42,57,52,5,58
30,36,30,6,48
42,65,40,25,72
42,40,46,-6,50
46,53,67,-14,50
34,48,45,3,46
34,45,37,8,51
42,49,51,-2,50
34,47,54,-7,39
38,53,38,15,64
46,85,56,29,77
6,6,7,-1,8
23,64,11,53,60
38,115,40,75,100
38,47,56,-9,45
46,66,57,9,73
46,51,67,-16,49
42,49,53,-4,53
34,44,71,-27,32
24,32,22,10,37
46,70,55,15,76
38,48,45,3,52
38,36,70,-34,30
42,42,52,-10,55
42,57,51,6,57
34,52,36,16,52
38,47,62,-15,44
46,63,59,4,66
34,45,45,0,49
38,48,49,-1,59
34,40,48,-8,41
38,34,42,-8,41
34,50,44,6,57
34,41,51,-10,38
34,46,26,20,58
38,47,66,-19,35
38,67,25,42,86
21,25,28,-3,24
42,52,50,2,51
38,45,54,-9,45
34,30,49,-19,35
19,23,28,-5,25
38,34,66,-32,19
46,55,55,0,65
42,41,51,-10,51
42,63,67,-4,56
38,68,35,33,73
38,35,60,-25,35
46,71,62,9,69
46,80,38,42,81
46,50,53,-3,49
34,45,49,-4,47
34,61,37,24,70
35,61,37,24,60
42,39,56,-17,33
42,39,45,-6,49
38,52,41,11,58
30,65,17,48,68
28,24,20,4,42
30,31,35,-4,36
34,33,57,-24,35
34,40,42,-2,51
42,41,48,-7,54
38,48,49,-1,50
46,35,69,-34,40
46,67,49,18,69
38,43,52,-9,40
34,80,47,33,64
36,57,41,16,58
38,53,73,-20,43
38,49,38,11,57
38,50,60,-10,45
46,71,32,39,88
34,55,63,-8,38
38,52,36,16,66
34,59,33,26,68
34,40,39,1,46
46,55,63,-8,52
42,47,40,7,64
34,64,41,23,66
34,61,39,22,60
34,63,46,17,53
34,64,23,41,79
25,24,23,1,30
38,49,38,11,56
30,25,51,-26,21
46,55,67,-12,54
46,64,59,5,66
46,56,65,-9,63
40,41,55,-14,44
38,63,47,16,67
38,59,44,15,62
34,47,38,9,54
42,47,42,5,58
38,76,42,34,69
34,51,39,12,60
38,37,62,-25,36
34,43,50,-7,36
19,19,28,-9,15
38,43,47,-4,49
46,87,62,25,80
18,21,31,-10,18
38,59,40,19,64
46,62,41,21,73
38,48,62,-14,45
34,27,54,-27,35
38,42,62,-20,43
38,45,52,-7,41
38,45,38,7,51
34,72,46,26,65
38,48,53,-5,48
46,51,69,-18,32
38,59,29,30,72
34,39,52,-13,38
38,44,70,-26,36
38,43,52,-9,44
38,49,52,-3,49
34,41,60,-19,36
38,43,61,-18,37
38,37,71,-34,33
38,49,43,6,49
34,29,42,-13,42
34,38,74,-36,22
38,36,49,-13,44
34,47,50,-3,41
38,27,71,-44,20
34,35,57,-22,36
23,37,41,-4,27
38,33,48,-15,45
34,39,56,-17,39
42,44,54,-10,52
38,24,61,-37,20
42,46,58,-12,48
38,62,55,7,59
46,45,45,0,62
38,102,35,67,81
34,47,42,5,55
42,69,51,18,73
34,51,42,9,49
42,38,41,-3,50
34,38,54,-16,40
21,22,18,4,28
34,33,61,-28,38
34,71,26,45,77
38,36,56,-20,41
38,37,44,-7,49
38,36,61,-25,34
30,29,38,-9,40
38,38,42,-4,41
46,53,63,-10,51
46,53,56,-3,63
38,33,47,-14,40
30,39,16,23,63
38,29,47,-18,35
38,32,40,-8,42
34,60,59,1,42
46,69,50,19,77
38,59,41,18,63
42,67,48,19,78
34,43,32,11,48
34,64,35,29,62
34,33,57,-24,32
38,59,44,15,61
34,51,29,22,63
38,34,40,-6,43
34,47,49,-2,45
34,47,48,-1,47
46,64,65,-1,60
34,48,51,-3,46
38,40,47,-7,46
34,47,73,-26,29
42,32,46,-14,52
46,48,54,-6,57
42,55,53,2,60
38,67,27,40,86
42,69,55,14,67
38,51,49,2,52
42,43,56,-13,50
38,51,48,3,49
38,53,43,10,59
38,37,40,-3,50
38,70,35,35,74
42,44,49,-5,49
28,22,38,-16,34
38,86,43,43,89
46,54,68,-14,53
19,13,24,-11,18
34,41,50,-9,44
38,46,47,-1,52
0,0,0,0,0
34,46,42,4,48
38,49,63,-14,46
46,33,73,-40,30
46,46,61,-15,61
34,37,48,-11,40
38,56,48,8,59
34,32,54,-22,32
38,56,44,12,67
38,28,57,-29,32
42,40,67,-27,35
34,31,48,-17,31
36,43,43,0,45
38,50,63,-13,41
38,69,36,33,71
46,71,48,23,68
38,52,52,0,54
38,38,34,4,47
38,42,43,-1,48
46,63,52,11,67
46,72,43,29,94
38,43,56,-13,50
38,46,58,-12,35
36,60,41,19,56
42,49,49,0,58
26,31,35,-4,27
34,58,60,-2,46
38,35,66,-31,39
38,47,41,6,57
18,24,24,0,24
38,64,57,7,61
46,49,59,-10,55
42,45,57,-12,42
28,22,28,-6,33
46,56,64,-8,53
38,57,40,17,69
22,14,28,-14,19
17,23,25,-2,17
46,64,65,-1,53
38,56,47,9,62
38,48,38,10,56
38,70,32,38,77
34,50,36,14,50
38,74,36,38,77
38,52,48,4,58
34,43,43,0,52
46,59,51,8,65
38,46,44,2,51
34,46,51,-5,44
38,60,32,28,63
46,50,59,-9,56
21,23,24,-1,30
30,69,19,50,75
38,44,56,-12,46
38,86,28,58,82
36,83,27,56,88
38,46,47,-1,52
38,47,44,3,63
38,40,56,-16,40
34,38,53,-15,40
36,53,31,22,63
38,50,40,10,56
38,58,40,18,64
38,55,48,7,55
38,41,43,-2,46
34,45,56,-11,37
34,53,33,20,62
38,37,70,-33,32
38,35,49,-14,39
34,50,52,-2,45
34,36,41,-5,36
46,52,59,-7,52
34,85,52,33,69
36,40,40,0,48
38,49,54,-5,49
34,44,54,-10,33
38,44,49,-5,46
38,28,62,-34,33
34,38,57,-19,35
30,37,33,4,45
46,56,39,17,80
38,63,37,26,59
26,28,34,-6,30
46,83,43,40,102
36,43,84,-41,39
38,71,36,35,75
34,54,30,24,63
46,57,88,-31,42
38,44,45,-1,51
38,43,54,-11,40
18,28,18,10,29
34,40,30,10,50
38,32,35,-3,52
42,46,49,-3,54
42,40,66,-26,41
38,40,52,-12,47
34,65,43,22,63
34,38,54,-16,31
34,35,51,-16,36
28,45,25,20,54
46,53,61,-8,53
46,62,86,-24,38
38,47,60,-13,41
38,24,74,-50,22
38,44,42,2,56
38,62,65,-3,56
38,52,58,-6,47
20,18,33,-15,14
34,48,40,8,60
34,30,38,-8,36
38,40,56,-16,42
46,57,63,-6,62
38,39,43,-4,44
38,44,50,-6,43
42,55,40,15,64
38,42,35,7,65
16,24,26,-2,20
38,42,43,-1,49
38,61,39,22,74
38,64,36,28,72
34,56,59,-3,48
38,89,40,49,85
38,69,49,20,72
46,68,61,7,69
42,46,52,-6,50
38,60,50,10,55
46,73,40,33,80
46,44,65,-21,42
38,44,43,1,56
38,57,58,-1,50
38,44,52,-8,50
38,66,38,28,64
34,43,45,-2,48
42,43,54,-11,49
15,16,23,-7,18
46,59,30,29,80
38,49,50,-1,53
37,47,41,6,48
38,40,48,-8,39
30,40,36,4,45
16,26,19,7,26
38,39,32,7,54
17,28,18,10,31
38,52,65,-13,47
38,50,39,11,59
37,38,38,0,56
38,50,49,1,46
38,31,57,-26,34
38,57,50,7,59
38,32,44,-12,44
42,80,62,18,59
46,60,37,23,80
32,33,39,-6,42
30,31,51,-20,33
38,24,71,-47,19
34,45,49,-4,40
17,16,29,-13,16
34,43,33,10,54
33,41,43,-2,42
34,68,51,17,58
38,51,39,12,64
42,48,48,0,63
34,64,37,27,62
46,59,70,-11,62
36,53,56,-3,47
38,64,27,37,81
38,31,61,-30,23
34,84,47,37,63
46,50,59,-9,40
42,36,63,-27,34
38,54,53,1,58
34,20,73,-53,12
34,52,48,4,48
38,57,39,18,60
34,40,50,-10,40
42,49,52,-3,47
38,54,33,21,60
26,32,21,11,40
34,32,47,-15,37
26,30,30,0,34
38,54,39,15,70
34,56,62,-6,43
38,45,69,-24,31
32,35,42,-7,42
38,44,52,-8,42
42,82,43,39,78
38,44,55,-11,46
34,67,22,45,77
34,42,47,-5,44
34,36,47,-11,39
42,46,51,-5,55
38,61,37,24,68
34,35,54,-19,42
38,55,49,6,61
34,54,35,19,58
46,62,72,-10,48
28,28,26,2,38
35,42,34,8,51
34,41,53,-12,39
38,73,32,41,87
42,67,32,35,82
28,44,23,21,57
42,43,60,-17,45
38,41,59,-18,43
38,36,41,-5,37
34,28,65,-37,17
46,49,60,-11,56
46,74,65,9,70
19,21,25,-4,26
38,54,67,-13,48
38,50,52,-2,43
42,42,29,13,64
38,40,66,-26,35
32,29,39,-10,39
34,53,46,7,46
42,49,63,-14,43
37,41,57,-16,32
34,39,44,-5,38
38,55,33,22,65
38,61,32,29,74
38,41,59,-18,36
42,53,37,16,69
38,45,51,-6,47
38,36,73,-37,25
42,56,67,-11,53
46,51,59,-8,52
42,48,62,-14,45
38,47,54,-7,47
35,39,85,-46,19
34,66,48,18,55
34,76,40,36,66
38,27,53,-26,28
34,49,62,-13,32
38,38,48,-10,39
38,37,54,-17,38
46,45,66,-21,50
34,24,40,-16,35
46,55,89,-34,43
36,49,46,3,52
34,37,55,-18,43
38,82,40,42,66
46,85,69,16,70
38,66,34,32,78
38,37,42,-5,48
46,62,43,19,79
38,77,46,31,69
38,61,45,16,63
42,44,54,-10,44
17,48,14,34,41
34,44,37,7,50
34,72,38,34,69
30,40,40,0,37
38,58,31,27,73
38,53,43,10,56
28,29,44,-15,27
36,59,32,27,69
42,47,45,2,66
38,43,48,-5,43
46,38,39,-1,60
38,36,63,-27,39
34,25,40,-15,34
38,86,24,62,95
38,53,34,19,67
44,65,40,25,72
38,58,55,3,58
34,31,72,-41,23
34,38,62,-24,34
17,29,22,7,28
38,86,26,60,86
38,41,47,-6,44
30,37,42,-5,33
38,77,26,51,90
34,67,29,38,76
42,38,41,-3,56
42,48,45,3,59
34,57,58,-1,46
42,42,46,-4,45
38,51,50,1,52
38,50,49,1,53
38,44,42,2,49
36,58,38,20,60
38,56,57,-1,49
38,49,55,-6,46
38,85,45,40,80
46,63,55,8,68
38,50,57,-7,44
34,35,46,-11,38
38,43,59,-16,49
38,54,51,3,52
34,38,49,-11,42
34,50,53,-3,41
17,23,25,-2,20
34,30,59,-29,25
34,47,52,-5,47
38,37,53,-16,42
34,44,44,0,46
46,80,39,41,91
42,46,45,1,53
46,45,58,-13,52
34,51,31,20,60
46,63,39,24,85
34,94,45,49,72
36,40,42,-2,43
42,45,59,-14,45
42,45,50,-5,51
34,86,16,70,85
38,56,53,3,58
30,48,50,-2,44
38,37,51,-14,47
38,41,41,0,54
38,56,71,-15,47
34,59,40,19,62
18,15,16,-1,23
34,48,57,-9,50
42,43,74,-31,40
38,31,38,-7,45
46,62,77,-15,55
42,40,48,-8,46
38,46,39,7,60
42,60,58,2,52
38,41,49,-8,49
30,37,41,-4,36
38,43,46,-3,49
42,42,44,-2,59
42,39,61,-22,39
42,52,54,-2,59
34,53,30,23,68
